time,status,mem_trans,mem_act,cpu_user,cpu_system,bytes_in,bytes_out,worker
17-10-21_16:44:40,103.0,238.5,0.0,1.8725,0.2125,822.554,1798.46,1.0
17-10-21_16:44:40,103.0,23.1,0.0,1.8725,0.2125,822.554,1798.46,1.0
17-10-21_16:44:40,103.0,4.9,0.0,1.8725,0.2125,822.554,1798.46,1.0
17-10-21_16:44:40,103.0,2.8,0.0,1.8725,0.2125,822.554,1798.46,1.0
17-10-25_10:48:40,196.0,6.3,0.0,19.57,0.9825,825.84225,2110.43525,1.0
17-10-25_10:48:40,196.0,3.4,0.0,19.57,0.9825,825.84225,2110.43525,1.0
17-10-26_22:52:40,195.0,76.4,0.0,24.125,0.15,721.82,2161.25,1.0
17-10-26_22:52:40,195.0,28.2,0.0,24.125,0.15,721.82,2161.25,1.0
17-10-27_03:45:16,186.0,4.8,0.0,37.9,1.975,7309607.1125,17704.3575,1.0
17-10-27_03:45:16,186.0,2.6,0.0,37.9,1.975,7309607.1125,17704.3575,1.0
17-10-27_03:45:20,186.0,3.9,0.0,50.5,2.6,9745882.0,22871.02,1.0
17-10-27_03:45:20,186.0,3.9,0.0,50.5,2.6,9745882.0,5821.03375,1.0
17-10-27_03:45:20,186.0,3.9,0.0,50.5,2.6,1706174.8712,22871.02,1.0
17-10-27_03:45:20,186.0,3.9,0.0,50.5,2.6,1706174.8712,5821.03375,1.0
17-10-27_03:45:20,186.0,3.9,0.0,50.5,0.5375,9745882.0,22871.02,1.0
17-10-27_03:45:20,186.0,3.9,0.0,50.5,0.5375,9745882.0,5821.03375,1.0
17-10-27_03:45:20,186.0,3.9,0.0,50.5,0.5375,1706174.8712,22871.02,1.0
17-10-27_03:45:20,186.0,3.9,0.0,50.5,0.5375,1706174.8712,5821.03375,1.0
17-10-27_03:45:20,186.0,3.9,0.0,8.8875,2.6,9745882.0,22871.02,1.0
17-10-27_03:45:20,186.0,3.9,0.0,8.8875,2.6,9745882.0,5821.03375,1.0
17-10-27_03:45:20,186.0,3.9,0.0,8.8875,2.6,1706174.8712,22871.02,1.0
17-10-27_03:45:20,186.0,3.9,0.0,8.8875,2.6,1706174.8712,5821.03375,1.0
17-10-27_03:45:20,186.0,3.9,0.0,8.8875,0.5375,9745882.0,22871.02,1.0
17-10-27_03:45:20,186.0,3.9,0.0,8.8875,0.5375,9745882.0,5821.03375,1.0
17-10-27_03:45:20,186.0,3.9,0.0,8.8875,0.5375,1706174.8712,22871.02,1.0
17-10-27_03:45:20,186.0,3.9,0.0,8.8875,0.5375,1706174.8712,5821.03375,1.0
17-10-27_03:45:20,186.0,4.0,0.0,50.5,2.6,9745882.0,22871.02,1.0
17-10-27_03:45:20,186.0,4.0,0.0,50.5,2.6,9745882.0,5821.03375,1.0
17-10-27_03:45:20,186.0,4.0,0.0,50.5,2.6,1706174.8712,22871.02,1.0
17-10-27_03:45:20,186.0,4.0,0.0,50.5,2.6,1706174.8712,5821.03375,1.0
17-10-27_03:45:20,186.0,4.0,0.0,50.5,0.5375,9745882.0,22871.02,1.0
17-10-27_03:45:20,186.0,4.0,0.0,50.5,0.5375,9745882.0,5821.03375,1.0
17-10-27_03:45:20,186.0,4.0,0.0,50.5,0.5375,1706174.8712,22871.02,1.0
17-10-27_03:45:20,186.0,4.0,0.0,50.5,0.5375,1706174.8712,5821.03375,1.0
17-10-27_03:45:20,186.0,4.0,0.0,8.8875,2.6,9745882.0,22871.02,1.0
17-10-27_03:45:20,186.0,4.0,0.0,8.8875,2.6,9745882.0,5821.03375,1.0
17-10-27_03:45:20,186.0,4.0,0.0,8.8875,2.6,1706174.8712,22871.02,1.0
17-10-27_03:45:20,186.0,4.0,0.0,8.8875,2.6,1706174.8712,5821.03375,1.0
17-10-27_03:45:20,186.0,4.0,0.0,8.8875,0.5375,9745882.0,22871.02,1.0
17-10-27_03:45:20,186.0,4.0,0.0,8.8875,0.5375,9745882.0,5821.03375,1.0
17-10-27_03:45:20,186.0,4.0,0.0,8.8875,0.5375,1706174.8712,22871.02,1.0
17-10-27_03:45:20,186.0,4.0,0.0,8.8875,0.5375,1706174.8712,5821.03375,1.0
17-10-27_03:45:20,186.0,38000.0,0.0,50.5,2.6,9745882.0,22871.02,1.0
17-10-27_03:45:20,186.0,38000.0,0.0,50.5,2.6,9745882.0,5821.03375,1.0
17-10-27_03:45:20,186.0,38000.0,0.0,50.5,2.6,1706174.8712,22871.02,1.0
17-10-27_03:45:20,186.0,38000.0,0.0,50.5,2.6,1706174.8712,5821.03375,1.0
17-10-27_03:45:20,186.0,38000.0,0.0,50.5,0.5375,9745882.0,22871.02,1.0
17-10-27_03:45:20,186.0,38000.0,0.0,50.5,0.5375,9745882.0,5821.03375,1.0
17-10-27_03:45:20,186.0,38000.0,0.0,50.5,0.5375,1706174.8712,22871.02,1.0
17-10-27_03:45:20,186.0,38000.0,0.0,50.5,0.5375,1706174.8712,5821.03375,1.0
17-10-27_03:45:20,186.0,38000.0,0.0,8.8875,2.6,9745882.0,22871.02,1.0
17-10-27_03:45:20,186.0,38000.0,0.0,8.8875,2.6,9745882.0,5821.03375,1.0
17-10-27_03:45:20,186.0,38000.0,0.0,8.8875,2.6,1706174.8712,22871.02,1.0
17-10-27_03:45:20,186.0,38000.0,0.0,8.8875,2.6,1706174.8712,5821.03375,1.0
17-10-27_03:45:20,186.0,38000.0,0.0,8.8875,0.5375,9745882.0,22871.02,1.0
17-10-27_03:45:20,186.0,38000.0,0.0,8.8875,0.5375,9745882.0,5821.03375,1.0
17-10-27_03:45:20,186.0,38000.0,0.0,8.8875,0.5375,1706174.8712,22871.02,1.0
17-10-27_03:45:20,186.0,38000.0,0.0,8.8875,0.5375,1706174.8712,5821.03375,1.0
17-10-27_03:45:20,186.0,4000.0,0.0,50.5,2.6,9745882.0,22871.02,1.0
17-10-27_03:45:20,186.0,4000.0,0.0,50.5,2.6,9745882.0,5821.03375,1.0
17-10-27_03:45:20,186.0,4000.0,0.0,50.5,2.6,1706174.8712,22871.02,1.0
17-10-27_03:45:20,186.0,4000.0,0.0,50.5,2.6,1706174.8712,5821.03375,1.0
17-10-27_03:45:20,186.0,4000.0,0.0,50.5,0.5375,9745882.0,22871.02,1.0
17-10-27_03:45:20,186.0,4000.0,0.0,50.5,0.5375,9745882.0,5821.03375,1.0
17-10-27_03:45:20,186.0,4000.0,0.0,50.5,0.5375,1706174.8712,22871.02,1.0
17-10-27_03:45:20,186.0,4000.0,0.0,50.5,0.5375,1706174.8712,5821.03375,1.0
17-10-27_03:45:20,186.0,4000.0,0.0,8.8875,2.6,9745882.0,22871.02,1.0
17-10-27_03:45:20,186.0,4000.0,0.0,8.8875,2.6,9745882.0,5821.03375,1.0
17-10-27_03:45:20,186.0,4000.0,0.0,8.8875,2.6,1706174.8712,22871.02,1.0
17-10-27_03:45:20,186.0,4000.0,0.0,8.8875,2.6,1706174.8712,5821.03375,1.0
17-10-27_03:45:20,186.0,4000.0,0.0,8.8875,0.5375,9745882.0,22871.02,1.0
17-10-27_03:45:20,186.0,4000.0,0.0,8.8875,0.5375,9745882.0,5821.03375,1.0
17-10-27_03:45:20,186.0,4000.0,0.0,8.8875,0.5375,1706174.8712,22871.02,1.0
17-10-27_03:45:20,186.0,4000.0,0.0,8.8875,0.5375,1706174.8712,5821.03375,1.0
17-10-27_03:45:20,186.0,1355.9,0.0,50.5,2.6,9745882.0,22871.02,1.0
17-10-27_03:45:20,186.0,1355.9,0.0,50.5,2.6,9745882.0,5821.03375,1.0
17-10-27_03:45:20,186.0,1355.9,0.0,50.5,2.6,1706174.8712,22871.02,1.0
17-10-27_03:45:20,186.0,1355.9,0.0,50.5,2.6,1706174.8712,5821.03375,1.0
17-10-27_03:45:20,186.0,1355.9,0.0,50.5,0.5375,9745882.0,22871.02,1.0
17-10-27_03:45:20,186.0,1355.9,0.0,50.5,0.5375,9745882.0,5821.03375,1.0
17-10-27_03:45:20,186.0,1355.9,0.0,50.5,0.5375,1706174.8712,22871.02,1.0
17-10-27_03:45:20,186.0,1355.9,0.0,50.5,0.5375,1706174.8712,5821.03375,1.0
17-10-27_03:45:20,186.0,1355.9,0.0,8.8875,2.6,9745882.0,22871.02,1.0
17-10-27_03:45:20,186.0,1355.9,0.0,8.8875,2.6,9745882.0,5821.03375,1.0
17-10-27_03:45:20,186.0,1355.9,0.0,8.8875,2.6,1706174.8712,22871.02,1.0
17-10-27_03:45:20,186.0,1355.9,0.0,8.8875,2.6,1706174.8712,5821.03375,1.0
17-10-27_03:45:20,186.0,1355.9,0.0,8.8875,0.5375,9745882.0,22871.02,1.0
17-10-27_03:45:20,186.0,1355.9,0.0,8.8875,0.5375,9745882.0,5821.03375,1.0
17-10-27_03:45:20,186.0,1355.9,0.0,8.8875,0.5375,1706174.8712,22871.02,1.0
17-10-27_03:45:20,186.0,1355.9,0.0,8.8875,0.5375,1706174.8712,5821.03375,1.0
17-10-27_03:45:20,186.0,9500.0,0.0,50.5,2.6,9745882.0,22871.02,1.0
17-10-27_03:45:20,186.0,9500.0,0.0,50.5,2.6,9745882.0,5821.03375,1.0
17-10-27_03:45:20,186.0,9500.0,0.0,50.5,2.6,1706174.8712,22871.02,1.0
17-10-27_03:45:20,186.0,9500.0,0.0,50.5,2.6,1706174.8712,5821.03375,1.0
17-10-27_03:45:20,186.0,9500.0,0.0,50.5,0.5375,9745882.0,22871.02,1.0
17-10-27_03:45:20,186.0,9500.0,0.0,50.5,0.5375,9745882.0,5821.03375,1.0
17-10-27_03:45:20,186.0,9500.0,0.0,50.5,0.5375,1706174.8712,22871.02,1.0
17-10-27_03:45:20,186.0,9500.0,0.0,50.5,0.5375,1706174.8712,5821.03375,1.0
17-10-27_03:45:20,186.0,9500.0,0.0,8.8875,2.6,9745882.0,22871.02,1.0
17-10-27_03:45:20,186.0,9500.0,0.0,8.8875,2.6,9745882.0,5821.03375,1.0
17-10-27_03:45:20,186.0,9500.0,0.0,8.8875,2.6,1706174.8712,22871.02,1.0
17-10-27_03:45:20,186.0,9500.0,0.0,8.8875,2.6,1706174.8712,5821.03375,1.0
17-10-27_03:45:20,186.0,9500.0,0.0,8.8875,0.5375,9745882.0,22871.02,1.0
17-10-27_03:45:20,186.0,9500.0,0.0,8.8875,0.5375,9745882.0,5821.03375,1.0
17-10-27_03:45:20,186.0,9500.0,0.0,8.8875,0.5375,1706174.8712,22871.02,1.0
17-10-27_03:45:20,186.0,9500.0,0.0,8.8875,0.5375,1706174.8712,5821.03375,1.0
17-10-27_03:45:20,186.0,3000.0,0.0,50.5,2.6,9745882.0,22871.02,1.0
17-10-27_03:45:20,186.0,3000.0,0.0,50.5,2.6,9745882.0,5821.03375,1.0
17-10-27_03:45:20,186.0,3000.0,0.0,50.5,2.6,1706174.8712,22871.02,1.0
17-10-27_03:45:20,186.0,3000.0,0.0,50.5,2.6,1706174.8712,5821.03375,1.0
17-10-27_03:45:20,186.0,3000.0,0.0,50.5,0.5375,9745882.0,22871.02,1.0
17-10-27_03:45:20,186.0,3000.0,0.0,50.5,0.5375,9745882.0,5821.03375,1.0
17-10-27_03:45:20,186.0,3000.0,0.0,50.5,0.5375,1706174.8712,22871.02,1.0
17-10-27_03:45:20,186.0,3000.0,0.0,50.5,0.5375,1706174.8712,5821.03375,1.0
17-10-27_03:45:20,186.0,3000.0,0.0,8.8875,2.6,9745882.0,22871.02,1.0
17-10-27_03:45:20,186.0,3000.0,0.0,8.8875,2.6,9745882.0,5821.03375,1.0
17-10-27_03:45:20,186.0,3000.0,0.0,8.8875,2.6,1706174.8712,22871.02,1.0
17-10-27_03:45:20,186.0,3000.0,0.0,8.8875,2.6,1706174.8712,5821.03375,1.0
17-10-27_03:45:20,186.0,3000.0,0.0,8.8875,0.5375,9745882.0,22871.02,1.0
17-10-27_03:45:20,186.0,3000.0,0.0,8.8875,0.5375,9745882.0,5821.03375,1.0
17-10-27_03:45:20,186.0,3000.0,0.0,8.8875,0.5375,1706174.8712,22871.02,1.0
17-10-27_03:45:20,186.0,3000.0,0.0,8.8875,0.5375,1706174.8712,5821.03375,1.0
17-10-27_03:45:20,186.0,32900.0,0.0,50.5,2.6,9745882.0,22871.02,1.0
17-10-27_03:45:20,186.0,32900.0,0.0,50.5,2.6,9745882.0,5821.03375,1.0
17-10-27_03:45:20,186.0,32900.0,0.0,50.5,2.6,1706174.8712,22871.02,1.0
17-10-27_03:45:20,186.0,32900.0,0.0,50.5,2.6,1706174.8712,5821.03375,1.0
17-10-27_03:45:20,186.0,32900.0,0.0,50.5,0.5375,9745882.0,22871.02,1.0
17-10-27_03:45:20,186.0,32900.0,0.0,50.5,0.5375,9745882.0,5821.03375,1.0
17-10-27_03:45:20,186.0,32900.0,0.0,50.5,0.5375,1706174.8712,22871.02,1.0
17-10-27_03:45:20,186.0,32900.0,0.0,50.5,0.5375,1706174.8712,5821.03375,1.0
17-10-27_03:45:20,186.0,32900.0,0.0,8.8875,2.6,9745882.0,22871.02,1.0
17-10-27_03:45:20,186.0,32900.0,0.0,8.8875,2.6,9745882.0,5821.03375,1.0
17-10-27_03:45:20,186.0,32900.0,0.0,8.8875,2.6,1706174.8712,22871.02,1.0
17-10-27_03:45:20,186.0,32900.0,0.0,8.8875,2.6,1706174.8712,5821.03375,1.0
17-10-27_03:45:20,186.0,32900.0,0.0,8.8875,0.5375,9745882.0,22871.02,1.0
17-10-27_03:45:20,186.0,32900.0,0.0,8.8875,0.5375,9745882.0,5821.03375,1.0
17-10-27_03:45:20,186.0,32900.0,0.0,8.8875,0.5375,1706174.8712,22871.02,1.0
17-10-27_03:45:20,186.0,32900.0,0.0,8.8875,0.5375,1706174.8712,5821.03375,1.0
17-10-27_03:45:20,186.0,4000.0,0.0,50.5,2.6,9745882.0,22871.02,1.0
17-10-27_03:45:20,186.0,4000.0,0.0,50.5,2.6,9745882.0,5821.03375,1.0
17-10-27_03:45:20,186.0,4000.0,0.0,50.5,2.6,1706174.8712,22871.02,1.0
17-10-27_03:45:20,186.0,4000.0,0.0,50.5,2.6,1706174.8712,5821.03375,1.0
17-10-27_03:45:20,186.0,4000.0,0.0,50.5,0.5375,9745882.0,22871.02,1.0
17-10-27_03:45:20,186.0,4000.0,0.0,50.5,0.5375,9745882.0,5821.03375,1.0
17-10-27_03:45:20,186.0,4000.0,0.0,50.5,0.5375,1706174.8712,22871.02,1.0
17-10-27_03:45:20,186.0,4000.0,0.0,50.5,0.5375,1706174.8712,5821.03375,1.0
17-10-27_03:45:20,186.0,4000.0,0.0,8.8875,2.6,9745882.0,22871.02,1.0
17-10-27_03:45:20,186.0,4000.0,0.0,8.8875,2.6,9745882.0,5821.03375,1.0
17-10-27_03:45:20,186.0,4000.0,0.0,8.8875,2.6,1706174.8712,22871.02,1.0
17-10-27_03:45:20,186.0,4000.0,0.0,8.8875,2.6,1706174.8712,5821.03375,1.0
17-10-27_03:45:20,186.0,4000.0,0.0,8.8875,0.5375,9745882.0,22871.02,1.0
17-10-27_03:45:20,186.0,4000.0,0.0,8.8875,0.5375,9745882.0,5821.03375,1.0
17-10-27_03:45:20,186.0,4000.0,0.0,8.8875,0.5375,1706174.8712,22871.02,1.0
17-10-27_03:45:20,186.0,4000.0,0.0,8.8875,0.5375,1706174.8712,5821.03375,1.0
17-10-27_03:45:20,186.0,4000.0,0.0,50.5,2.6,9745882.0,22871.02,1.0
17-10-27_03:45:20,186.0,4000.0,0.0,50.5,2.6,9745882.0,5821.03375,1.0
17-10-27_03:45:20,186.0,4000.0,0.0,50.5,2.6,1706174.8712,22871.02,1.0
17-10-27_03:45:20,186.0,4000.0,0.0,50.5,2.6,1706174.8712,5821.03375,1.0
17-10-27_03:45:20,186.0,4000.0,0.0,50.5,0.5375,9745882.0,22871.02,1.0
17-10-27_03:45:20,186.0,4000.0,0.0,50.5,0.5375,9745882.0,5821.03375,1.0
17-10-27_03:45:20,186.0,4000.0,0.0,50.5,0.5375,1706174.8712,22871.02,1.0
17-10-27_03:45:20,186.0,4000.0,0.0,50.5,0.5375,1706174.8712,5821.03375,1.0
17-10-27_03:45:20,186.0,4000.0,0.0,8.8875,2.6,9745882.0,22871.02,1.0
17-10-27_03:45:20,186.0,4000.0,0.0,8.8875,2.6,9745882.0,5821.03375,1.0
17-10-27_03:45:20,186.0,4000.0,0.0,8.8875,2.6,1706174.8712,22871.02,1.0
17-10-27_03:45:20,186.0,4000.0,0.0,8.8875,2.6,1706174.8712,5821.03375,1.0
17-10-27_03:45:20,186.0,4000.0,0.0,8.8875,0.5375,9745882.0,22871.02,1.0
17-10-27_03:45:20,186.0,4000.0,0.0,8.8875,0.5375,9745882.0,5821.03375,1.0
17-10-27_03:45:20,186.0,4000.0,0.0,8.8875,0.5375,1706174.8712,22871.02,1.0
17-10-27_03:45:20,186.0,4000.0,0.0,8.8875,0.5375,1706174.8712,5821.03375,1.0
17-10-27_03:45:20,186.0,4000.0,0.0,50.5,2.6,9745882.0,22871.02,1.0
17-10-27_03:45:20,186.0,4000.0,0.0,50.5,2.6,9745882.0,5821.03375,1.0
17-10-27_03:45:20,186.0,4000.0,0.0,50.5,2.6,1706174.8712,22871.02,1.0
17-10-27_03:45:20,186.0,4000.0,0.0,50.5,2.6,1706174.8712,5821.03375,1.0
17-10-27_03:45:20,186.0,4000.0,0.0,50.5,0.5375,9745882.0,22871.02,1.0
17-10-27_03:45:20,186.0,4000.0,0.0,50.5,0.5375,9745882.0,5821.03375,1.0
17-10-27_03:45:20,186.0,4000.0,0.0,50.5,0.5375,1706174.8712,22871.02,1.0
17-10-27_03:45:20,186.0,4000.0,0.0,50.5,0.5375,1706174.8712,5821.03375,1.0
17-10-27_03:45:20,186.0,4000.0,0.0,8.8875,2.6,9745882.0,22871.02,1.0
17-10-27_03:45:20,186.0,4000.0,0.0,8.8875,2.6,9745882.0,5821.03375,1.0
17-10-27_03:45:20,186.0,4000.0,0.0,8.8875,2.6,1706174.8712,22871.02,1.0
17-10-27_03:45:20,186.0,4000.0,0.0,8.8875,2.6,1706174.8712,5821.03375,1.0
17-10-27_03:45:20,186.0,4000.0,0.0,8.8875,0.5375,9745882.0,22871.02,1.0
17-10-27_03:45:20,186.0,4000.0,0.0,8.8875,0.5375,9745882.0,5821.03375,1.0
17-10-27_03:45:20,186.0,4000.0,0.0,8.8875,0.5375,1706174.8712,22871.02,1.0
17-10-27_03:45:20,186.0,4000.0,0.0,8.8875,0.5375,1706174.8712,5821.03375,1.0
17-10-27_03:45:20,186.0,4000.0,0.0,50.5,2.6,9745882.0,22871.02,1.0
17-10-27_03:45:20,186.0,4000.0,0.0,50.5,2.6,9745882.0,5821.03375,1.0
17-10-27_03:45:20,186.0,4000.0,0.0,50.5,2.6,1706174.8712,22871.02,1.0
17-10-27_03:45:20,186.0,4000.0,0.0,50.5,2.6,1706174.8712,5821.03375,1.0
17-10-27_03:45:20,186.0,4000.0,0.0,50.5,0.5375,9745882.0,22871.02,1.0
17-10-27_03:45:20,186.0,4000.0,0.0,50.5,0.5375,9745882.0,5821.03375,1.0
17-10-27_03:45:20,186.0,4000.0,0.0,50.5,0.5375,1706174.8712,22871.02,1.0
17-10-27_03:45:20,186.0,4000.0,0.0,50.5,0.5375,1706174.8712,5821.03375,1.0
17-10-27_03:45:20,186.0,4000.0,0.0,8.8875,2.6,9745882.0,22871.02,1.0
17-10-27_03:45:20,186.0,4000.0,0.0,8.8875,2.6,9745882.0,5821.03375,1.0
17-10-27_03:45:20,186.0,4000.0,0.0,8.8875,2.6,1706174.8712,22871.02,1.0
17-10-27_03:45:20,186.0,4000.0,0.0,8.8875,2.6,1706174.8712,5821.03375,1.0
17-10-27_03:45:20,186.0,4000.0,0.0,8.8875,0.5375,9745882.0,22871.02,1.0
17-10-27_03:45:20,186.0,4000.0,0.0,8.8875,0.5375,9745882.0,5821.03375,1.0
17-10-27_03:45:20,186.0,4000.0,0.0,8.8875,0.5375,1706174.8712,22871.02,1.0
17-10-27_03:45:20,186.0,4000.0,0.0,8.8875,0.5375,1706174.8712,5821.03375,1.0
17-10-27_03:45:20,186.0,4000.0,0.0,50.5,2.6,9745882.0,22871.02,1.0
17-10-27_03:45:20,186.0,4000.0,0.0,50.5,2.6,9745882.0,5821.03375,1.0
17-10-27_03:45:20,186.0,4000.0,0.0,50.5,2.6,1706174.8712,22871.02,1.0
17-10-27_03:45:20,186.0,4000.0,0.0,50.5,2.6,1706174.8712,5821.03375,1.0
17-10-27_03:45:20,186.0,4000.0,0.0,50.5,0.5375,9745882.0,22871.02,1.0
17-10-27_03:45:20,186.0,4000.0,0.0,50.5,0.5375,9745882.0,5821.03375,1.0
17-10-27_03:45:20,186.0,4000.0,0.0,50.5,0.5375,1706174.8712,22871.02,1.0
17-10-27_03:45:20,186.0,4000.0,0.0,50.5,0.5375,1706174.8712,5821.03375,1.0
17-10-27_03:45:20,186.0,4000.0,0.0,8.8875,2.6,9745882.0,22871.02,1.0
17-10-27_03:45:20,186.0,4000.0,0.0,8.8875,2.6,9745882.0,5821.03375,1.0
17-10-27_03:45:20,186.0,4000.0,0.0,8.8875,2.6,1706174.8712,22871.02,1.0
17-10-27_03:45:20,186.0,4000.0,0.0,8.8875,2.6,1706174.8712,5821.03375,1.0
17-10-27_03:45:20,186.0,4000.0,0.0,8.8875,0.5375,9745882.0,22871.02,1.0
17-10-27_03:45:20,186.0,4000.0,0.0,8.8875,0.5375,9745882.0,5821.03375,1.0
17-10-27_03:45:20,186.0,4000.0,0.0,8.8875,0.5375,1706174.8712,22871.02,1.0
17-10-27_03:45:20,186.0,4000.0,0.0,8.8875,0.5375,1706174.8712,5821.03375,1.0
17-10-27_03:45:20,186.0,4000.0,0.0,50.5,2.6,9745882.0,22871.02,1.0
17-10-27_03:45:20,186.0,4000.0,0.0,50.5,2.6,9745882.0,5821.03375,1.0
17-10-27_03:45:20,186.0,4000.0,0.0,50.5,2.6,1706174.8712,22871.02,1.0
17-10-27_03:45:20,186.0,4000.0,0.0,50.5,2.6,1706174.8712,5821.03375,1.0
17-10-27_03:45:20,186.0,4000.0,0.0,50.5,0.5375,9745882.0,22871.02,1.0
17-10-27_03:45:20,186.0,4000.0,0.0,50.5,0.5375,9745882.0,5821.03375,1.0
17-10-27_03:45:20,186.0,4000.0,0.0,50.5,0.5375,1706174.8712,22871.02,1.0
17-10-27_03:45:20,186.0,4000.0,0.0,50.5,0.5375,1706174.8712,5821.03375,1.0
17-10-27_03:45:20,186.0,4000.0,0.0,8.8875,2.6,9745882.0,22871.02,1.0
17-10-27_03:45:20,186.0,4000.0,0.0,8.8875,2.6,9745882.0,5821.03375,1.0
17-10-27_03:45:20,186.0,4000.0,0.0,8.8875,2.6,1706174.8712,22871.02,1.0
17-10-27_03:45:20,186.0,4000.0,0.0,8.8875,2.6,1706174.8712,5821.03375,1.0
17-10-27_03:45:20,186.0,4000.0,0.0,8.8875,0.5375,9745882.0,22871.02,1.0
17-10-27_03:45:20,186.0,4000.0,0.0,8.8875,0.5375,9745882.0,5821.03375,1.0
17-10-27_03:45:20,186.0,4000.0,0.0,8.8875,0.5375,1706174.8712,22871.02,1.0
17-10-27_03:45:20,186.0,4000.0,0.0,8.8875,0.5375,1706174.8712,5821.03375,1.0
17-10-27_03:45:20,186.0,4000.0,0.0,50.5,2.6,9745882.0,22871.02,1.0
17-10-27_03:45:20,186.0,4000.0,0.0,50.5,2.6,9745882.0,5821.03375,1.0
17-10-27_03:45:20,186.0,4000.0,0.0,50.5,2.6,1706174.8712,22871.02,1.0
17-10-27_03:45:20,186.0,4000.0,0.0,50.5,2.6,1706174.8712,5821.03375,1.0
17-10-27_03:45:20,186.0,4000.0,0.0,50.5,0.5375,9745882.0,22871.02,1.0
17-10-27_03:45:20,186.0,4000.0,0.0,50.5,0.5375,9745882.0,5821.03375,1.0
17-10-27_03:45:20,186.0,4000.0,0.0,50.5,0.5375,1706174.8712,22871.02,1.0
17-10-27_03:45:20,186.0,4000.0,0.0,50.5,0.5375,1706174.8712,5821.03375,1.0
17-10-27_03:45:20,186.0,4000.0,0.0,8.8875,2.6,9745882.0,22871.02,1.0
17-10-27_03:45:20,186.0,4000.0,0.0,8.8875,2.6,9745882.0,5821.03375,1.0
17-10-27_03:45:20,186.0,4000.0,0.0,8.8875,2.6,1706174.8712,22871.02,1.0
17-10-27_03:45:20,186.0,4000.0,0.0,8.8875,2.6,1706174.8712,5821.03375,1.0
17-10-27_03:45:20,186.0,4000.0,0.0,8.8875,0.5375,9745882.0,22871.02,1.0
17-10-27_03:45:20,186.0,4000.0,0.0,8.8875,0.5375,9745882.0,5821.03375,1.0
17-10-27_03:45:20,186.0,4000.0,0.0,8.8875,0.5375,1706174.8712,22871.02,1.0
17-10-27_03:45:20,186.0,4000.0,0.0,8.8875,0.5375,1706174.8712,5821.03375,1.0
17-10-27_03:45:20,186.0,4000.0,0.0,50.5,2.6,9745882.0,22871.02,1.0
17-10-27_03:45:20,186.0,4000.0,0.0,50.5,2.6,9745882.0,5821.03375,1.0
17-10-27_03:45:20,186.0,4000.0,0.0,50.5,2.6,1706174.8712,22871.02,1.0
17-10-27_03:45:20,186.0,4000.0,0.0,50.5,2.6,1706174.8712,5821.03375,1.0
17-10-27_03:45:20,186.0,4000.0,0.0,50.5,0.5375,9745882.0,22871.02,1.0
17-10-27_03:45:20,186.0,4000.0,0.0,50.5,0.5375,9745882.0,5821.03375,1.0
17-10-27_03:45:20,186.0,4000.0,0.0,50.5,0.5375,1706174.8712,22871.02,1.0
17-10-27_03:45:20,186.0,4000.0,0.0,50.5,0.5375,1706174.8712,5821.03375,1.0
17-10-27_03:45:20,186.0,4000.0,0.0,8.8875,2.6,9745882.0,22871.02,1.0
17-10-27_03:45:20,186.0,4000.0,0.0,8.8875,2.6,9745882.0,5821.03375,1.0
17-10-27_03:45:20,186.0,4000.0,0.0,8.8875,2.6,1706174.8712,22871.02,1.0
17-10-27_03:45:20,186.0,4000.0,0.0,8.8875,2.6,1706174.8712,5821.03375,1.0
17-10-27_03:45:20,186.0,4000.0,0.0,8.8875,0.5375,9745882.0,22871.02,1.0
17-10-27_03:45:20,186.0,4000.0,0.0,8.8875,0.5375,9745882.0,5821.03375,1.0
17-10-27_03:45:20,186.0,4000.0,0.0,8.8875,0.5375,1706174.8712,22871.02,1.0
17-10-27_03:45:20,186.0,4000.0,0.0,8.8875,0.5375,1706174.8712,5821.03375,1.0
17-10-27_03:45:20,186.0,909.1,0.0,50.5,2.6,9745882.0,22871.02,1.0
17-10-27_03:45:20,186.0,909.1,0.0,50.5,2.6,9745882.0,5821.03375,1.0
17-10-27_03:45:20,186.0,909.1,0.0,50.5,2.6,1706174.8712,22871.02,1.0
17-10-27_03:45:20,186.0,909.1,0.0,50.5,2.6,1706174.8712,5821.03375,1.0
17-10-27_03:45:20,186.0,909.1,0.0,50.5,0.5375,9745882.0,22871.02,1.0
17-10-27_03:45:20,186.0,909.1,0.0,50.5,0.5375,9745882.0,5821.03375,1.0
17-10-27_03:45:20,186.0,909.1,0.0,50.5,0.5375,1706174.8712,22871.02,1.0
17-10-27_03:45:20,186.0,909.1,0.0,50.5,0.5375,1706174.8712,5821.03375,1.0
17-10-27_03:45:20,186.0,909.1,0.0,8.8875,2.6,9745882.0,22871.02,1.0
17-10-27_03:45:20,186.0,909.1,0.0,8.8875,2.6,9745882.0,5821.03375,1.0
17-10-27_03:45:20,186.0,909.1,0.0,8.8875,2.6,1706174.8712,22871.02,1.0
17-10-27_03:45:20,186.0,909.1,0.0,8.8875,2.6,1706174.8712,5821.03375,1.0
17-10-27_03:45:20,186.0,909.1,0.0,8.8875,0.5375,9745882.0,22871.02,1.0
17-10-27_03:45:20,186.0,909.1,0.0,8.8875,0.5375,9745882.0,5821.03375,1.0
17-10-27_03:45:20,186.0,909.1,0.0,8.8875,0.5375,1706174.8712,22871.02,1.0
17-10-27_03:45:20,186.0,909.1,0.0,8.8875,0.5375,1706174.8712,5821.03375,1.0
17-10-27_03:45:20,186.0,32900.0,0.0,50.5,2.6,9745882.0,22871.02,1.0
17-10-27_03:45:20,186.0,32900.0,0.0,50.5,2.6,9745882.0,5821.03375,1.0
17-10-27_03:45:20,186.0,32900.0,0.0,50.5,2.6,1706174.8712,22871.02,1.0
17-10-27_03:45:20,186.0,32900.0,0.0,50.5,2.6,1706174.8712,5821.03375,1.0
17-10-27_03:45:20,186.0,32900.0,0.0,50.5,0.5375,9745882.0,22871.02,1.0
17-10-27_03:45:20,186.0,32900.0,0.0,50.5,0.5375,9745882.0,5821.03375,1.0
17-10-27_03:45:20,186.0,32900.0,0.0,50.5,0.5375,1706174.8712,22871.02,1.0
17-10-27_03:45:20,186.0,32900.0,0.0,50.5,0.5375,1706174.8712,5821.03375,1.0
17-10-27_03:45:20,186.0,32900.0,0.0,8.8875,2.6,9745882.0,22871.02,1.0
17-10-27_03:45:20,186.0,32900.0,0.0,8.8875,2.6,9745882.0,5821.03375,1.0
17-10-27_03:45:20,186.0,32900.0,0.0,8.8875,2.6,1706174.8712,22871.02,1.0
17-10-27_03:45:20,186.0,32900.0,0.0,8.8875,2.6,1706174.8712,5821.03375,1.0
17-10-27_03:45:20,186.0,32900.0,0.0,8.8875,0.5375,9745882.0,22871.02,1.0
17-10-27_03:45:20,186.0,32900.0,0.0,8.8875,0.5375,9745882.0,5821.03375,1.0
17-10-27_03:45:20,186.0,32900.0,0.0,8.8875,0.5375,1706174.8712,22871.02,1.0
17-10-27_03:45:20,186.0,32900.0,0.0,8.8875,0.5375,1706174.8712,5821.03375,1.0
17-10-27_03:48:08,186.0,76.4,0.0,22.1,0.5,865.58,2697.15,1.0
17-10-27_03:48:08,186.0,28.2,0.0,22.1,0.5,865.58,2697.15,1.0
17-10-27_03:50:20,194.0,4.8,0.0,31.3,1.7,733.21,1937.56,1.0
17-10-27_03:50:20,194.0,2.6,0.0,31.3,1.7,733.21,1937.56,1.0
17-10-27_03:50:24,194.0,4000.0,0.0,40.425,1.95,733.21,1937.56,1.0
17-10-27_03:50:24,194.0,1355.9,0.0,40.425,1.95,733.21,1937.56,1.0
17-10-27_03:50:24,194.0,9500.0,0.0,40.425,1.95,733.21,1937.56,1.0
17-10-27_03:50:24,194.0,3000.0,0.0,40.425,1.95,733.21,1937.56,1.0
17-10-27_03:50:24,194.0,32900.0,0.0,40.425,1.95,733.21,1937.56,1.0
17-10-27_03:50:24,194.0,4000.0,0.0,40.425,1.95,733.21,1937.56,1.0
17-10-27_03:50:24,194.0,4000.0,0.0,40.425,1.95,733.21,1937.56,1.0
17-10-27_03:50:24,194.0,4000.0,0.0,40.425,1.95,733.21,1937.56,1.0
17-10-27_03:50:24,194.0,4000.0,0.0,40.425,1.95,733.21,1937.56,1.0
17-10-27_03:50:24,194.0,4000.0,0.0,40.425,1.95,733.21,1937.56,1.0
17-10-27_03:50:24,194.0,4000.0,0.0,40.425,1.95,733.21,1937.56,1.0
17-10-27_03:50:24,194.0,4000.0,0.0,40.425,1.95,733.21,1937.56,1.0
17-10-27_03:50:24,194.0,4000.0,0.0,40.425,1.95,733.21,1937.56,1.0
17-10-27_03:50:24,194.0,909.1,0.0,40.425,1.95,733.21,1937.56,1.0
17-10-27_03:50:24,194.0,32900.0,0.0,40.425,1.95,733.21,1937.56,1.0
17-10-27_03:50:24,194.0,164.4,0.0,40.425,1.95,733.21,1937.56,1.0
17-10-27_03:50:24,194.0,6.0,0.0,40.425,1.95,733.21,1937.56,1.0
17-10-27_03:50:24,194.0,3.3,0.0,40.425,1.95,733.21,1937.56,1.0
17-10-27_03:50:28,194.0,6.3,0.0,67.8,2.7,733.21,1937.56,1.0
17-10-27_03:50:28,194.0,3.4,0.0,67.8,2.7,733.21,1937.56,1.0
17-10-27_03:53:08,194.0,4.4,0.0,0.1,0.1,739.68,1987.1,1.0
17-10-27_03:53:08,194.0,2.4,0.0,0.1,0.1,739.68,1987.1,1.0
17-10-27_03:53:16,194.0,4.9,0.0,1.375,0.175,739.68,1987.1,1.0
17-10-27_03:53:16,194.0,2.9,0.0,1.375,0.175,739.68,1987.1,1.0
17-10-27_15:53:08,202.0,3.9,0.0,39.55,2.025,1501.17,3835.07,1.0
17-10-27_15:53:08,202.0,4.0,0.0,39.55,2.025,1501.17,3835.07,1.0
17-10-27_15:53:08,202.0,38000.0,0.0,39.55,2.025,1501.17,3835.07,1.0
17-10-27_15:56:04,202.0,4.4,0.0,26.2,0.2,1528.47,3546.07,1.0
17-10-27_15:56:04,202.0,2.4,0.0,26.2,0.2,1528.47,3546.07,1.0
17-10-27_15:56:12,202.0,76.4,0.0,24.1,0.5,1528.47,3546.07,1.0
17-10-27_15:56:12,202.0,28.2,0.0,24.1,0.5,1528.47,3546.07,1.0
17-10-27_16:02:24,199.0,4.8,0.0,38.9,2.4,1505.01,3153.48,1.0
17-10-27_16:02:24,199.0,2.6,0.0,38.9,2.4,1505.01,3153.48,1.0
17-10-27_16:02:28,199.0,6.0,0.0,38.9,2.4,1505.01,3153.48,1.0
17-10-27_16:02:28,199.0,3.3,0.0,38.9,2.4,1505.01,3153.48,1.0
17-10-27_16:05:20,199.0,70.5,0.0,30.05,0.3,1522.6,4134.37,1.0
17-10-27_16:05:20,199.0,70.5,0.0,30.05,0.3,1522.6,4134.37,1.0
17-10-27_16:05:20,199.0,70.5,0.0,30.05,0.3,1522.6,4134.37,1.0
17-10-27_16:05:20,199.0,70.5,0.0,30.05,0.3,1522.6,4134.37,1.0
17-10-27_16:05:20,199.0,70.5,0.0,30.05,0.21,1522.6,4134.37,1.0
17-10-27_16:05:20,199.0,70.5,0.0,30.05,0.21,1522.6,4134.37,1.0
17-10-27_16:05:20,199.0,70.5,0.0,30.05,0.21,1522.6,4134.37,1.0
17-10-27_16:05:20,199.0,70.5,0.0,30.05,0.21,1522.6,4134.37,1.0
17-10-27_16:05:20,199.0,70.5,0.0,26.355,0.3,1522.6,4134.37,1.0
17-10-27_16:05:20,199.0,70.5,0.0,26.355,0.3,1522.6,4134.37,1.0
17-10-27_16:05:20,199.0,70.5,0.0,26.355,0.3,1522.6,4134.37,1.0
17-10-27_16:05:20,199.0,70.5,0.0,26.355,0.3,1522.6,4134.37,1.0
17-10-27_16:05:20,199.0,70.5,0.0,26.355,0.21,1522.6,4134.37,1.0
17-10-27_16:05:20,199.0,70.5,0.0,26.355,0.21,1522.6,4134.37,1.0
17-10-27_16:05:20,199.0,70.5,0.0,26.355,0.21,1522.6,4134.37,1.0
17-10-27_16:05:20,199.0,70.5,0.0,26.355,0.21,1522.6,4134.37,1.0
17-10-27_16:05:20,199.0,25.1,0.0,30.05,0.3,1522.6,4134.37,1.0
17-10-27_16:05:20,199.0,25.1,0.0,30.05,0.3,1522.6,4134.37,1.0
17-10-27_16:05:20,199.0,25.1,0.0,30.05,0.3,1522.6,4134.37,1.0
17-10-27_16:05:20,199.0,25.1,0.0,30.05,0.3,1522.6,4134.37,1.0
17-10-27_16:05:20,199.0,25.1,0.0,30.05,0.21,1522.6,4134.37,1.0
17-10-27_16:05:20,199.0,25.1,0.0,30.05,0.21,1522.6,4134.37,1.0
17-10-27_16:05:20,199.0,25.1,0.0,30.05,0.21,1522.6,4134.37,1.0
17-10-27_16:05:20,199.0,25.1,0.0,30.05,0.21,1522.6,4134.37,1.0
17-10-27_16:05:20,199.0,25.1,0.0,26.355,0.3,1522.6,4134.37,1.0
17-10-27_16:05:20,199.0,25.1,0.0,26.355,0.3,1522.6,4134.37,1.0
17-10-27_16:05:20,199.0,25.1,0.0,26.355,0.3,1522.6,4134.37,1.0
17-10-27_16:05:20,199.0,25.1,0.0,26.355,0.3,1522.6,4134.37,1.0
17-10-27_16:05:20,199.0,25.1,0.0,26.355,0.21,1522.6,4134.37,1.0
17-10-27_16:05:20,199.0,25.1,0.0,26.355,0.21,1522.6,4134.37,1.0
17-10-27_16:05:20,199.0,25.1,0.0,26.355,0.21,1522.6,4134.37,1.0
17-10-27_16:05:20,199.0,25.1,0.0,26.355,0.21,1522.6,4134.37,1.0
17-10-27_16:09:52,190.0,3000.0,0.0,82.5,3.5,1432.06,3219.79,1.0
17-10-27_16:09:52,190.0,32900.0,0.0,82.5,3.5,1432.06,3219.79,1.0
17-10-27_16:09:52,190.0,4000.0,0.0,82.5,3.5,1432.06,3219.79,1.0
17-10-27_16:09:52,190.0,4000.0,0.0,82.5,3.5,1432.06,3219.79,1.0
17-10-27_16:09:52,190.0,4000.0,0.0,82.5,3.5,1432.06,3219.79,1.0
17-10-27_16:09:52,190.0,4000.0,0.0,82.5,3.5,1432.06,3219.79,1.0
17-10-27_16:09:52,190.0,4000.0,0.0,82.5,3.5,1432.06,3219.79,1.0
17-10-27_16:09:52,190.0,4000.0,0.0,82.5,3.5,1432.06,3219.79,1.0
17-10-27_16:09:52,190.0,4000.0,0.0,82.5,3.5,1432.06,3219.79,1.0
17-10-27_16:09:52,190.0,4000.0,0.0,82.5,3.5,1432.06,3219.79,1.0
17-10-27_16:09:52,190.0,909.1,0.0,82.5,3.5,1432.06,3219.79,1.0
17-10-27_16:09:52,190.0,32900.0,0.0,82.5,3.5,1432.06,3219.79,1.0
17-10-27_16:09:52,190.0,164.4,0.0,82.5,3.5,1432.06,3219.79,1.0
17-10-27_16:09:52,190.0,6.0,0.0,82.5,3.5,1432.06,3219.79,1.0
17-10-27_16:09:52,190.0,3.3,0.0,82.5,3.5,1432.06,3219.79,1.0
17-10-27_16:09:56,190.0,6.3,0.0,82.5,3.5,1432.06,3219.79,1.0
17-10-27_16:09:56,190.0,3.4,0.0,82.5,3.5,1432.06,3219.79,1.0
17-10-27_16:16:52,199.0,4.8,0.0,46.025,2.525,1515.81,3230.48,1.0
17-10-27_16:16:52,199.0,2.6,0.0,46.025,2.525,1515.81,3230.48,1.0
17-10-27_16:16:56,199.0,4000.0,0.0,61.3,3.3,1515.81,3230.48,1.0
17-10-27_16:16:56,199.0,4000.0,0.0,61.3,3.3,1515.81,3230.48,1.0
17-10-27_16:16:56,199.0,4000.0,0.0,61.3,3.3,1515.81,3230.48,1.0
17-10-27_16:16:56,199.0,4000.0,0.0,61.3,3.3,1515.81,3230.48,1.0
17-10-27_16:16:56,199.0,4000.0,0.0,61.3,3.3,1515.81,3230.48,1.0
17-10-27_16:16:56,199.0,4000.0,0.0,61.3,3.3,1515.81,3230.48,1.0
17-10-27_16:16:56,199.0,4000.0,0.0,61.3,3.3,1515.81,3230.48,1.0
17-10-27_16:16:56,199.0,4000.0,0.0,61.3,3.3,1515.81,3230.48,1.0
17-10-27_16:16:56,199.0,909.1,0.0,61.3,3.3,1515.81,3230.48,1.0
17-10-27_16:16:56,199.0,32900.0,0.0,61.3,3.3,1515.81,3230.48,1.0
17-10-27_16:16:56,199.0,164.4,0.0,61.3,3.3,1515.81,3230.48,1.0
17-10-27_16:16:56,199.0,6.0,0.0,61.3,3.3,1515.81,3230.48,1.0
17-10-27_16:16:56,199.0,3.3,0.0,61.3,3.3,1515.81,3230.48,1.0
17-10-27_16:17:00,199.0,6.3,0.0,62.6,3.05,1515.81,3230.48,1.0
17-10-27_16:17:00,199.0,3.4,0.0,62.6,3.05,1515.81,3230.48,1.0
17-10-27_16:19:56,199.0,76.4,0.0,0.4,0.3,1619.81,3323.71,1.0
17-10-27_16:19:56,199.0,28.2,0.0,0.4,0.3,1619.81,3323.71,1.0
17-10-27_16:26:12,190.0,76.4,0.0,18.325,0.575,1476.04,3532.98,1.0
17-10-27_16:26:12,190.0,28.2,0.0,18.325,0.575,1476.04,3532.98,1.0
17-10-27_21:39:56,179.0,23.1,0.0,0.1,0.1,802.86,1689.3,1.0
17-10-27_21:39:56,179.0,4.9,0.0,0.1,0.1,802.86,1689.3,1.0
17-10-27_21:39:56,179.0,2.8,0.0,0.1,0.1,802.86,1689.3,1.0
17-10-27_21:40:08,179.0,3.9,0.0,34.9,1.8,802.86,1689.3,1.0
17-10-27_21:40:08,179.0,4.0,0.0,34.9,1.8,802.86,1689.3,1.0
17-10-27_21:40:08,179.0,38000.0,0.0,34.9,1.8,802.86,1689.3,1.0
17-10-27_21:40:08,179.0,4000.0,0.0,34.9,1.8,802.86,1689.3,1.0
17-10-27_21:40:08,179.0,1355.9,0.0,34.9,1.8,802.86,1689.3,1.0
17-10-27_21:40:08,179.0,9500.0,0.0,34.9,1.8,802.86,1689.3,1.0
17-10-27_21:42:40,179.0,4.4,0.0,26.8,0.1,820.61,2171.38,1.0
17-10-27_21:42:40,179.0,4.4,0.0,26.8,0.1,820.61,2171.38,1.0
17-10-27_21:42:40,179.0,4.4,0.0,26.8,0.1,820.61,2171.38,1.0
17-10-27_21:42:40,179.0,4.4,0.0,26.8,0.1,820.61,2171.38,1.0
17-10-27_21:42:40,179.0,4.4,0.0,26.8,0.1,820.61,2171.38,1.0
17-10-27_21:42:40,179.0,4.4,0.0,26.8,0.1,820.61,2171.38,1.0
17-10-27_21:42:40,179.0,4.4,0.0,26.8,0.1,820.61,2171.38,1.0
17-10-27_21:42:40,179.0,4.4,0.0,26.8,0.1,820.61,2171.38,1.0
17-10-27_21:42:40,179.0,4.4,0.0,26.2375,0.1,820.61,2171.38,1.0
17-10-27_21:42:40,179.0,4.4,0.0,26.2375,0.1,820.61,2171.38,1.0
17-10-27_21:42:40,179.0,4.4,0.0,26.2375,0.1,820.61,2171.38,1.0
17-10-27_21:42:40,179.0,4.4,0.0,26.2375,0.1,820.61,2171.38,1.0
17-10-27_21:42:40,179.0,4.4,0.0,26.2375,0.1,820.61,2171.38,1.0
17-10-27_21:42:40,179.0,4.4,0.0,26.2375,0.1,820.61,2171.38,1.0
17-10-27_21:42:40,179.0,4.4,0.0,26.2375,0.1,820.61,2171.38,1.0
17-10-27_21:42:40,179.0,4.4,0.0,26.2375,0.1,820.61,2171.38,1.0
17-10-27_21:42:40,179.0,2.4,0.0,26.8,0.1,820.61,2171.38,1.0
17-10-27_21:42:40,179.0,2.4,0.0,26.8,0.1,820.61,2171.38,1.0
17-10-27_21:42:40,179.0,2.4,0.0,26.8,0.1,820.61,2171.38,1.0
17-10-27_21:42:40,179.0,2.4,0.0,26.8,0.1,820.61,2171.38,1.0
17-10-27_21:42:40,179.0,2.4,0.0,26.8,0.1,820.61,2171.38,1.0
17-10-27_21:42:40,179.0,2.4,0.0,26.8,0.1,820.61,2171.38,1.0
17-10-27_21:42:40,179.0,2.4,0.0,26.8,0.1,820.61,2171.38,1.0
17-10-27_21:42:40,179.0,2.4,0.0,26.8,0.1,820.61,2171.38,1.0
17-10-27_21:42:40,179.0,2.4,0.0,26.2375,0.1,820.61,2171.38,1.0
17-10-27_21:42:40,179.0,2.4,0.0,26.2375,0.1,820.61,2171.38,1.0
17-10-27_21:42:40,179.0,2.4,0.0,26.2375,0.1,820.61,2171.38,1.0
17-10-27_21:42:40,179.0,2.4,0.0,26.2375,0.1,820.61,2171.38,1.0
17-10-27_21:42:40,179.0,2.4,0.0,26.2375,0.1,820.61,2171.38,1.0
17-10-27_21:42:40,179.0,2.4,0.0,26.2375,0.1,820.61,2171.38,1.0
17-10-27_21:42:40,179.0,2.4,0.0,26.2375,0.1,820.61,2171.38,1.0
17-10-27_21:42:40,179.0,2.4,0.0,26.2375,0.1,820.61,2171.38,1.0
17-10-27_21:42:48,179.0,4.9,0.0,25.6,0.1,820.61,2171.38,1.0
17-10-27_21:42:48,179.0,2.9,0.0,25.6,0.1,820.61,2171.38,1.0
17-10-27_21:42:52,179.0,0.0,23.1,12.4,0.475,820.61,2171.38,1.0
17-10-27_21:42:52,179.0,0.0,2.8,12.4,0.475,820.61,2171.38,1.0
17-10-27_21:42:52,179.0,0.0,2.8,12.4,0.475,820.61,2171.38,1.0
17-10-27_21:42:52,179.0,0.0,2.8,12.4,0.475,820.61,2171.38,1.0
17-10-27_21:42:52,179.0,0.0,23.1,12.4,0.475,820.61,2171.38,1.0
17-10-27_21:42:52,179.0,0.0,23.1,12.4,0.475,820.61,2171.38,1.0
17-10-27_21:42:52,179.0,0.0,2.6,12.4,0.475,820.61,2171.38,1.0
17-10-27_21:42:52,179.0,0.0,2.6,12.4,0.475,820.61,2171.38,1.0
17-10-27_21:42:52,179.0,0.0,2.6,12.4,0.475,820.61,2171.38,1.0
17-10-27_21:42:52,179.0,0.0,4200.0,12.4,0.475,820.61,2171.38,1.0
17-10-27_21:42:52,179.0,0.0,4100.0,12.4,0.475,820.61,2171.38,1.0
17-10-27_21:42:52,179.0,0.0,4300.0,12.4,0.475,820.61,2171.38,1.0
17-10-27_21:42:52,179.0,0.0,4300.0,12.4,0.475,820.61,2171.38,1.0
17-10-27_21:42:52,179.0,0.0,2.8,12.4,0.475,820.61,2171.38,1.0
17-10-27_21:42:52,179.0,0.0,2.8,12.4,0.475,820.61,2171.38,1.0
17-10-27_21:42:52,179.0,0.0,2.8,12.4,0.475,820.61,2171.38,1.0
17-10-27_21:42:52,179.0,0.0,4100.0,12.4,0.475,820.61,2171.38,1.0
17-10-27_21:42:52,179.0,0.0,4200.0,12.4,0.475,820.61,2171.38,1.0
17-10-27_21:42:52,179.0,0.0,4300.0,12.4,0.475,820.61,2171.38,1.0
17-10-27_21:42:52,179.0,0.0,4200.0,12.4,0.475,820.61,2171.38,1.0
17-10-27_21:42:52,179.0,0.0,4300.0,12.4,0.475,820.61,2171.38,1.0
17-10-27_21:42:52,179.0,0.0,4200.0,12.4,0.475,820.61,2171.38,1.0
17-10-27_21:42:52,179.0,0.0,4200.0,12.4,0.475,820.61,2171.38,1.0
17-10-27_21:42:52,179.0,0.0,4200.0,12.4,0.475,820.61,2171.38,1.0
17-10-27_21:42:52,179.0,0.0,4200.0,12.4,0.475,820.61,2171.38,1.0
17-10-27_21:42:52,179.0,0.0,4200.0,12.4,0.475,820.61,2171.38,1.0
17-10-27_21:42:52,179.0,0.0,4200.0,12.4,0.475,820.61,2171.38,1.0
17-10-27_21:42:52,179.0,0.0,4200.0,12.4,0.475,820.61,2171.38,1.0
17-10-27_21:42:52,179.0,0.0,4.0,12.4,0.475,820.61,2171.38,1.0
17-10-27_21:42:52,179.0,0.0,2.6,12.4,0.475,820.61,2171.38,1.0
17-10-27_21:42:52,179.0,0.0,2.6,12.4,0.475,820.61,2171.38,1.0
17-10-27_21:42:52,179.0,0.0,2.6,12.4,0.475,820.61,2171.38,1.0
17-10-27_21:42:52,179.0,0.0,4000.0,12.4,0.475,820.61,2171.38,1.0
17-10-27_21:42:52,179.0,0.0,1355.9,12.4,0.475,820.61,2171.38,1.0
17-10-27_21:42:52,179.0,0.0,3000.0,12.4,0.475,820.61,2171.38,1.0
17-10-27_21:42:52,179.0,0.0,4000.0,12.4,0.475,820.61,2171.38,1.0
17-10-27_21:42:52,179.0,0.0,4000.0,12.4,0.475,820.61,2171.38,1.0
17-10-27_21:42:52,179.0,0.0,4000.0,12.4,0.475,820.61,2171.38,1.0
17-10-27_21:42:52,179.0,0.0,4000.0,12.4,0.475,820.61,2171.38,1.0
17-10-27_21:42:52,179.0,0.0,4000.0,12.4,0.475,820.61,2171.38,1.0
17-10-27_21:42:52,179.0,0.0,4000.0,12.4,0.475,820.61,2171.38,1.0
17-10-27_21:42:52,179.0,0.0,4000.0,12.4,0.475,820.61,2171.38,1.0
17-10-27_21:42:52,179.0,0.0,4000.0,12.4,0.475,820.61,2171.38,1.0
17-10-27_21:42:52,179.0,0.0,909.1,12.4,0.475,820.61,2171.38,1.0
17-10-27_21:42:52,179.0,0.0,164.4,12.4,0.475,820.61,2171.38,1.0
17-10-27_21:42:52,179.0,0.0,3.3,12.4,0.475,820.61,2171.38,1.0
17-10-27_21:42:52,179.0,0.0,3.3,12.4,0.475,820.61,2171.38,1.0
17-10-27_21:42:52,179.0,0.0,3.3,12.4,0.475,820.61,2171.38,1.0
17-10-27_21:42:52,179.0,0.0,3000.0,12.4,0.475,820.61,2171.38,1.0
17-10-27_21:42:52,179.0,0.0,3000.0,12.4,0.475,820.61,2171.38,1.0
17-10-27_21:42:52,179.0,0.0,3.4,12.4,0.475,820.61,2171.38,1.0
17-10-27_21:42:52,179.0,0.0,3.4,12.4,0.475,820.61,2171.38,1.0
17-10-27_21:42:52,179.0,0.0,95600.0,12.4,0.475,820.61,2171.38,1.0
17-10-27_21:42:52,179.0,0.0,909.1,12.4,0.475,820.61,2171.38,1.0
17-10-27_21:42:52,179.0,0.0,4000.0,12.4,0.475,820.61,2171.38,1.0
17-10-27_21:42:52,179.0,0.0,4000.0,12.4,0.475,820.61,2171.38,1.0
17-10-27_21:42:52,179.0,0.0,4000.0,12.4,0.475,820.61,2171.38,1.0
17-10-27_21:42:52,179.0,0.0,4000.0,12.4,0.475,820.61,2171.38,1.0
17-10-27_21:42:52,179.0,0.0,4000.0,12.4,0.475,820.61,2171.38,1.0
17-10-27_21:42:52,179.0,0.0,4000.0,12.4,0.475,820.61,2171.38,1.0
17-10-27_21:42:52,179.0,0.0,4000.0,12.4,0.475,820.61,2171.38,1.0
17-10-27_21:42:52,179.0,0.0,4000.0,12.4,0.475,820.61,2171.38,1.0
17-10-27_21:42:52,179.0,0.0,164.4,12.4,0.475,820.61,2171.38,1.0
17-10-27_21:42:52,179.0,0.0,1355.9,12.4,0.475,820.61,2171.38,1.0
17-10-27_21:42:52,179.0,0.0,4000.0,12.4,0.475,820.61,2171.38,1.0
17-10-27_21:42:52,179.0,0.0,4.0,12.4,0.475,820.61,2171.38,1.0
17-10-27_21:42:52,179.0,0.0,2.4,12.4,0.475,820.61,2171.38,1.0
17-10-27_21:42:52,179.0,0.0,2.4,12.4,0.475,820.61,2171.38,1.0
17-10-27_21:42:52,179.0,0.0,70200.0,12.4,0.475,820.61,2171.38,1.0
17-10-27_21:42:52,179.0,0.0,3.4,12.4,0.475,820.61,2171.38,1.0
17-10-27_21:42:52,179.0,0.0,3.4,12.4,0.475,820.61,2171.38,1.0
17-10-27_21:42:52,179.0,0.0,3.3,12.4,0.475,820.61,2171.38,1.0
17-10-27_21:42:52,179.0,0.0,3.3,12.4,0.475,820.61,2171.38,1.0
17-10-27_21:42:52,179.0,0.0,3.3,12.4,0.475,820.61,2171.38,1.0
17-10-27_21:42:52,179.0,0.0,70200.0,12.4,0.475,820.61,2171.38,1.0
17-10-27_21:42:52,179.0,0.0,4000.0,12.4,0.475,820.61,2171.38,1.0
17-10-27_21:42:52,179.0,0.0,4000.0,12.4,0.475,820.61,2171.38,1.0
17-10-27_21:42:52,179.0,0.0,164.4,12.4,0.475,820.61,2171.38,1.0
17-10-27_21:42:52,179.0,0.0,4000.0,12.4,0.475,820.61,2171.38,1.0
17-10-27_21:42:52,179.0,0.0,4000.0,12.4,0.475,820.61,2171.38,1.0
17-10-27_21:42:52,179.0,0.0,4000.0,12.4,0.475,820.61,2171.38,1.0
17-10-27_21:42:52,179.0,0.0,164.4,12.4,0.475,820.61,2171.38,1.0
17-10-27_21:42:52,179.0,0.0,4000.0,12.4,0.475,820.61,2171.38,1.0
17-10-27_21:42:52,179.0,0.0,4000.0,12.4,0.475,820.61,2171.38,1.0
17-10-27_21:42:52,179.0,0.0,4000.0,12.4,0.475,820.61,2171.38,1.0
17-10-27_21:42:52,179.0,0.0,4000.0,12.4,0.475,820.61,2171.38,1.0
17-10-27_21:42:52,179.0,0.0,4000.0,12.4,0.475,820.61,2171.38,1.0
17-10-27_21:42:52,179.0,0.0,909.1,12.4,0.475,820.61,2171.38,1.0
17-10-27_21:42:52,179.0,0.0,4000.0,12.4,0.475,820.61,2171.38,1.0
17-10-27_21:42:52,179.0,0.0,4000.0,12.4,0.475,820.61,2171.38,1.0
17-10-27_21:42:52,179.0,0.0,4000.0,12.4,0.475,820.61,2171.38,1.0
17-10-27_21:42:52,179.0,0.0,4000.0,12.4,0.475,820.61,2171.38,1.0
17-10-27_21:42:52,179.0,0.0,4000.0,12.4,0.475,820.61,2171.38,1.0
17-10-27_21:42:52,179.0,0.0,4000.0,12.4,0.475,820.61,2171.38,1.0
17-10-27_21:42:52,179.0,0.0,909.1,12.4,0.475,820.61,2171.38,1.0
17-10-27_21:42:52,179.0,0.0,4.0,12.4,0.475,820.61,2171.38,1.0
17-10-27_21:42:52,179.0,0.0,4000.0,12.4,0.475,820.61,2171.38,1.0
17-10-27_21:42:52,179.0,0.0,1355.9,12.4,0.475,820.61,2171.38,1.0
17-10-27_21:42:52,179.0,0.0,3000.0,12.4,0.475,820.61,2171.38,1.0
17-10-27_21:42:52,179.0,0.0,4.0,12.4,0.475,820.61,2171.38,1.0
17-10-27_21:42:52,179.0,0.0,4000.0,12.4,0.475,820.61,2171.38,1.0
17-10-27_21:42:52,179.0,0.0,3000.0,12.4,0.475,820.61,2171.38,1.0
17-10-27_21:42:52,179.0,0.0,3000.0,12.4,0.475,820.61,2171.38,1.0
17-10-27_21:42:52,179.0,0.0,1355.9,12.4,0.475,820.61,2171.38,1.0
17-10-27_21:42:52,179.0,0.0,25.0,12.4,0.475,820.61,2171.38,1.0
17-10-27_21:42:52,179.0,0.0,25.0,12.4,0.475,820.61,2171.38,1.0
17-10-27_21:42:52,179.0,0.0,25.0,12.4,0.475,820.61,2171.38,1.0
17-10-27_21:42:52,179.0,0.0,25.0,12.4,0.475,820.61,2171.38,1.0
17-10-27_21:42:52,179.0,0.0,2.4,12.4,0.475,820.61,2171.38,1.0
17-10-27_21:42:52,179.0,0.0,2.4,12.4,0.475,820.61,2171.38,1.0
17-10-27_21:42:52,179.0,0.0,2.9,12.4,0.475,820.61,2171.38,1.0
17-10-27_21:42:52,179.0,0.0,2.9,12.4,0.475,820.61,2171.38,1.0
17-10-27_21:42:52,179.0,0.0,2.9,12.4,0.475,820.61,2171.38,1.0
17-10-27_21:42:52,179.0,0.0,28.2,12.4,0.475,820.61,2171.38,1.0
17-10-27_21:42:52,179.0,0.0,28.2,12.4,0.475,820.61,2171.38,1.0
17-10-27_21:50:20,179.0,70.5,0.0,25.25,0.2,1448.5025,462604.9,1.0
17-10-27_21:50:20,179.0,25.0,0.0,25.25,0.2,1448.5025,462604.9,1.0
17-10-27_22:30:32,183.0,3.9,0.0,28.6,1.5,220884.72,3426.86,1.0
17-10-27_22:30:32,183.0,4.0,0.0,28.6,1.5,220884.72,3426.86,1.0
17-10-27_22:30:32,183.0,38000.0,0.0,28.6,1.5,220884.72,3426.86,1.0
17-10-27_22:30:32,183.0,4000.0,0.0,28.6,1.5,220884.72,3426.86,1.0
17-10-27_22:30:32,183.0,1355.9,0.0,28.6,1.5,220884.72,3426.86,1.0
17-10-27_22:30:32,183.0,9500.0,0.0,28.6,1.5,220884.72,3426.86,1.0
17-10-27_22:30:32,183.0,3000.0,0.0,28.6,1.5,220884.72,3426.86,1.0
17-10-27_22:30:32,183.0,32900.0,0.0,28.6,1.5,220884.72,3426.86,1.0
17-10-27_22:30:32,183.0,4000.0,0.0,28.6,1.5,220884.72,3426.86,1.0
17-10-27_22:30:32,183.0,4000.0,0.0,28.6,1.5,220884.72,3426.86,1.0
17-10-27_22:30:32,183.0,4000.0,0.0,28.6,1.5,220884.72,3426.86,1.0
17-10-27_22:30:32,183.0,4000.0,0.0,28.6,1.5,220884.72,3426.86,1.0
17-10-27_22:30:32,183.0,4000.0,0.0,28.6,1.5,220884.72,3426.86,1.0
17-10-27_22:30:32,183.0,4000.0,0.0,28.6,1.5,220884.72,3426.86,1.0
17-10-27_22:30:32,183.0,4000.0,0.0,28.6,1.5,220884.72,3426.86,1.0
17-10-27_22:30:32,183.0,4000.0,0.0,28.6,1.5,220884.72,3426.86,1.0
17-10-27_22:30:32,183.0,909.1,0.0,28.6,1.5,220884.72,3426.86,1.0
17-10-27_22:30:32,183.0,32900.0,0.0,28.6,1.5,220884.72,3426.86,1.0
17-10-27_22:30:32,183.0,164.4,0.0,28.6,1.5,220884.72,3426.86,1.0
17-10-27_22:30:32,183.0,6.0,0.0,28.6,1.5,220884.72,3426.86,1.0
17-10-27_22:30:32,183.0,3.3,0.0,28.6,1.5,220884.72,3426.86,1.0
17-10-27_22:30:36,183.0,6.3,0.0,72.4,2.8,220884.72,3426.86,1.0
17-10-27_22:30:36,183.0,3.4,0.0,72.4,2.8,220884.72,3426.86,1.0
17-10-27_22:33:12,183.0,70.5,0.0,25.5,0.1,789.31,2720.52,1.0
17-10-27_22:33:12,183.0,25.0,0.0,25.5,0.1,789.31,2720.52,1.0
17-10-27_22:33:20,183.0,0.0,23.1,23.3,0.5,789.31,2720.52,1.0
17-10-27_22:33:20,183.0,0.0,23.1,23.3,0.5,789.31,2720.52,1.0
17-10-27_22:33:20,183.0,0.0,23.1,23.3,0.5,789.31,2720.52,1.0
17-10-27_22:33:20,183.0,0.0,23.1,23.3,0.5,789.31,2720.52,1.0
17-10-27_22:33:20,183.0,0.0,23.1,23.3,0.18,789.31,2720.52,1.0
17-10-27_22:33:20,183.0,0.0,23.1,23.3,0.18,789.31,2720.52,1.0
17-10-27_22:33:20,183.0,0.0,23.1,23.3,0.18,789.31,2720.52,1.0
17-10-27_22:33:20,183.0,0.0,23.1,23.3,0.18,789.31,2720.52,1.0
17-10-27_22:33:20,183.0,0.0,23.1,25.115,0.5,789.31,2720.52,1.0
17-10-27_22:33:20,183.0,0.0,23.1,25.115,0.5,789.31,2720.52,1.0
17-10-27_22:33:20,183.0,0.0,23.1,25.115,0.5,789.31,2720.52,1.0
17-10-27_22:33:20,183.0,0.0,23.1,25.115,0.5,789.31,2720.52,1.0
17-10-27_22:33:20,183.0,0.0,23.1,25.115,0.18,789.31,2720.52,1.0
17-10-27_22:33:20,183.0,0.0,23.1,25.115,0.18,789.31,2720.52,1.0
17-10-27_22:33:20,183.0,0.0,23.1,25.115,0.18,789.31,2720.52,1.0
17-10-27_22:33:20,183.0,0.0,23.1,25.115,0.18,789.31,2720.52,1.0
17-10-27_22:33:20,183.0,0.0,2.8,23.3,0.5,789.31,2720.52,1.0
17-10-27_22:33:20,183.0,0.0,2.8,23.3,0.5,789.31,2720.52,1.0
17-10-27_22:33:20,183.0,0.0,2.8,23.3,0.5,789.31,2720.52,1.0
17-10-27_22:33:20,183.0,0.0,2.8,23.3,0.5,789.31,2720.52,1.0
17-10-27_22:33:20,183.0,0.0,2.8,23.3,0.18,789.31,2720.52,1.0
17-10-27_22:33:20,183.0,0.0,2.8,23.3,0.18,789.31,2720.52,1.0
17-10-27_22:33:20,183.0,0.0,2.8,23.3,0.18,789.31,2720.52,1.0
17-10-27_22:33:20,183.0,0.0,2.8,23.3,0.18,789.31,2720.52,1.0
17-10-27_22:33:20,183.0,0.0,2.8,25.115,0.5,789.31,2720.52,1.0
17-10-27_22:33:20,183.0,0.0,2.8,25.115,0.5,789.31,2720.52,1.0
17-10-27_22:33:20,183.0,0.0,2.8,25.115,0.5,789.31,2720.52,1.0
17-10-27_22:33:20,183.0,0.0,2.8,25.115,0.5,789.31,2720.52,1.0
17-10-27_22:33:20,183.0,0.0,2.8,25.115,0.18,789.31,2720.52,1.0
17-10-27_22:33:20,183.0,0.0,2.8,25.115,0.18,789.31,2720.52,1.0
17-10-27_22:33:20,183.0,0.0,2.8,25.115,0.18,789.31,2720.52,1.0
17-10-27_22:33:20,183.0,0.0,2.8,25.115,0.18,789.31,2720.52,1.0
17-10-27_22:33:20,183.0,0.0,2.8,23.3,0.5,789.31,2720.52,1.0
17-10-27_22:33:20,183.0,0.0,2.8,23.3,0.5,789.31,2720.52,1.0
17-10-27_22:33:20,183.0,0.0,2.8,23.3,0.5,789.31,2720.52,1.0
17-10-27_22:33:20,183.0,0.0,2.8,23.3,0.5,789.31,2720.52,1.0
17-10-27_22:33:20,183.0,0.0,2.8,23.3,0.18,789.31,2720.52,1.0
17-10-27_22:33:20,183.0,0.0,2.8,23.3,0.18,789.31,2720.52,1.0
17-10-27_22:33:20,183.0,0.0,2.8,23.3,0.18,789.31,2720.52,1.0
17-10-27_22:33:20,183.0,0.0,2.8,23.3,0.18,789.31,2720.52,1.0
17-10-27_22:33:20,183.0,0.0,2.8,25.115,0.5,789.31,2720.52,1.0
17-10-27_22:33:20,183.0,0.0,2.8,25.115,0.5,789.31,2720.52,1.0
17-10-27_22:33:20,183.0,0.0,2.8,25.115,0.5,789.31,2720.52,1.0
17-10-27_22:33:20,183.0,0.0,2.8,25.115,0.5,789.31,2720.52,1.0
17-10-27_22:33:20,183.0,0.0,2.8,25.115,0.18,789.31,2720.52,1.0
17-10-27_22:33:20,183.0,0.0,2.8,25.115,0.18,789.31,2720.52,1.0
17-10-27_22:33:20,183.0,0.0,2.8,25.115,0.18,789.31,2720.52,1.0
17-10-27_22:33:20,183.0,0.0,2.8,25.115,0.18,789.31,2720.52,1.0
17-10-27_22:33:20,183.0,0.0,2.8,23.3,0.5,789.31,2720.52,1.0
17-10-27_22:33:20,183.0,0.0,2.8,23.3,0.5,789.31,2720.52,1.0
17-10-27_22:33:20,183.0,0.0,2.8,23.3,0.5,789.31,2720.52,1.0
17-10-27_22:33:20,183.0,0.0,2.8,23.3,0.5,789.31,2720.52,1.0
17-10-27_22:33:20,183.0,0.0,2.8,23.3,0.18,789.31,2720.52,1.0
17-10-27_22:33:20,183.0,0.0,2.8,23.3,0.18,789.31,2720.52,1.0
17-10-27_22:33:20,183.0,0.0,2.8,23.3,0.18,789.31,2720.52,1.0
17-10-27_22:33:20,183.0,0.0,2.8,23.3,0.18,789.31,2720.52,1.0
17-10-27_22:33:20,183.0,0.0,2.8,25.115,0.5,789.31,2720.52,1.0
17-10-27_22:33:20,183.0,0.0,2.8,25.115,0.5,789.31,2720.52,1.0
17-10-27_22:33:20,183.0,0.0,2.8,25.115,0.5,789.31,2720.52,1.0
17-10-27_22:33:20,183.0,0.0,2.8,25.115,0.5,789.31,2720.52,1.0
17-10-27_22:33:20,183.0,0.0,2.8,25.115,0.18,789.31,2720.52,1.0
17-10-27_22:33:20,183.0,0.0,2.8,25.115,0.18,789.31,2720.52,1.0
17-10-27_22:33:20,183.0,0.0,2.8,25.115,0.18,789.31,2720.52,1.0
17-10-27_22:33:20,183.0,0.0,2.8,25.115,0.18,789.31,2720.52,1.0
17-10-27_22:33:20,183.0,0.0,23.1,23.3,0.5,789.31,2720.52,1.0
17-10-27_22:33:20,183.0,0.0,23.1,23.3,0.5,789.31,2720.52,1.0
17-10-27_22:33:20,183.0,0.0,23.1,23.3,0.5,789.31,2720.52,1.0
17-10-27_22:33:20,183.0,0.0,23.1,23.3,0.5,789.31,2720.52,1.0
17-10-27_22:33:20,183.0,0.0,23.1,23.3,0.18,789.31,2720.52,1.0
17-10-27_22:33:20,183.0,0.0,23.1,23.3,0.18,789.31,2720.52,1.0
17-10-27_22:33:20,183.0,0.0,23.1,23.3,0.18,789.31,2720.52,1.0
17-10-27_22:33:20,183.0,0.0,23.1,23.3,0.18,789.31,2720.52,1.0
17-10-27_22:33:20,183.0,0.0,23.1,25.115,0.5,789.31,2720.52,1.0
17-10-27_22:33:20,183.0,0.0,23.1,25.115,0.5,789.31,2720.52,1.0
17-10-27_22:33:20,183.0,0.0,23.1,25.115,0.5,789.31,2720.52,1.0
17-10-27_22:33:20,183.0,0.0,23.1,25.115,0.5,789.31,2720.52,1.0
17-10-27_22:33:20,183.0,0.0,23.1,25.115,0.18,789.31,2720.52,1.0
17-10-27_22:33:20,183.0,0.0,23.1,25.115,0.18,789.31,2720.52,1.0
17-10-27_22:33:20,183.0,0.0,23.1,25.115,0.18,789.31,2720.52,1.0
17-10-27_22:33:20,183.0,0.0,23.1,25.115,0.18,789.31,2720.52,1.0
17-10-27_22:33:20,183.0,0.0,23.1,23.3,0.5,789.31,2720.52,1.0
17-10-27_22:33:20,183.0,0.0,23.1,23.3,0.5,789.31,2720.52,1.0
17-10-27_22:33:20,183.0,0.0,23.1,23.3,0.5,789.31,2720.52,1.0
17-10-27_22:33:20,183.0,0.0,23.1,23.3,0.5,789.31,2720.52,1.0
17-10-27_22:33:20,183.0,0.0,23.1,23.3,0.18,789.31,2720.52,1.0
17-10-27_22:33:20,183.0,0.0,23.1,23.3,0.18,789.31,2720.52,1.0
17-10-27_22:33:20,183.0,0.0,23.1,23.3,0.18,789.31,2720.52,1.0
17-10-27_22:33:20,183.0,0.0,23.1,23.3,0.18,789.31,2720.52,1.0
17-10-27_22:33:20,183.0,0.0,23.1,25.115,0.5,789.31,2720.52,1.0
17-10-27_22:33:20,183.0,0.0,23.1,25.115,0.5,789.31,2720.52,1.0
17-10-27_22:33:20,183.0,0.0,23.1,25.115,0.5,789.31,2720.52,1.0
17-10-27_22:33:20,183.0,0.0,23.1,25.115,0.5,789.31,2720.52,1.0
17-10-27_22:33:20,183.0,0.0,23.1,25.115,0.18,789.31,2720.52,1.0
17-10-27_22:33:20,183.0,0.0,23.1,25.115,0.18,789.31,2720.52,1.0
17-10-27_22:33:20,183.0,0.0,23.1,25.115,0.18,789.31,2720.52,1.0
17-10-27_22:33:20,183.0,0.0,23.1,25.115,0.18,789.31,2720.52,1.0
17-10-27_22:33:20,183.0,0.0,2.6,23.3,0.5,789.31,2720.52,1.0
17-10-27_22:33:20,183.0,0.0,2.6,23.3,0.5,789.31,2720.52,1.0
17-10-27_22:33:20,183.0,0.0,2.6,23.3,0.5,789.31,2720.52,1.0
17-10-27_22:33:20,183.0,0.0,2.6,23.3,0.5,789.31,2720.52,1.0
17-10-27_22:33:20,183.0,0.0,2.6,23.3,0.18,789.31,2720.52,1.0
17-10-27_22:33:20,183.0,0.0,2.6,23.3,0.18,789.31,2720.52,1.0
17-10-27_22:33:20,183.0,0.0,2.6,23.3,0.18,789.31,2720.52,1.0
17-10-27_22:33:20,183.0,0.0,2.6,23.3,0.18,789.31,2720.52,1.0
17-10-27_22:33:20,183.0,0.0,2.6,25.115,0.5,789.31,2720.52,1.0
17-10-27_22:33:20,183.0,0.0,2.6,25.115,0.5,789.31,2720.52,1.0
17-10-27_22:33:20,183.0,0.0,2.6,25.115,0.5,789.31,2720.52,1.0
17-10-27_22:33:20,183.0,0.0,2.6,25.115,0.5,789.31,2720.52,1.0
17-10-27_22:33:20,183.0,0.0,2.6,25.115,0.18,789.31,2720.52,1.0
17-10-27_22:33:20,183.0,0.0,2.6,25.115,0.18,789.31,2720.52,1.0
17-10-27_22:33:20,183.0,0.0,2.6,25.115,0.18,789.31,2720.52,1.0
17-10-27_22:33:20,183.0,0.0,2.6,25.115,0.18,789.31,2720.52,1.0
17-10-27_22:33:20,183.0,0.0,2.6,23.3,0.5,789.31,2720.52,1.0
17-10-27_22:33:20,183.0,0.0,2.6,23.3,0.5,789.31,2720.52,1.0
17-10-27_22:33:20,183.0,0.0,2.6,23.3,0.5,789.31,2720.52,1.0
17-10-27_22:33:20,183.0,0.0,2.6,23.3,0.5,789.31,2720.52,1.0
17-10-27_22:33:20,183.0,0.0,2.6,23.3,0.18,789.31,2720.52,1.0
17-10-27_22:33:20,183.0,0.0,2.6,23.3,0.18,789.31,2720.52,1.0
17-10-27_22:33:20,183.0,0.0,2.6,23.3,0.18,789.31,2720.52,1.0
17-10-27_22:33:20,183.0,0.0,2.6,23.3,0.18,789.31,2720.52,1.0
17-10-27_22:33:20,183.0,0.0,2.6,25.115,0.5,789.31,2720.52,1.0
17-10-27_22:33:20,183.0,0.0,2.6,25.115,0.5,789.31,2720.52,1.0
17-10-27_22:33:20,183.0,0.0,2.6,25.115,0.5,789.31,2720.52,1.0
17-10-27_22:33:20,183.0,0.0,2.6,25.115,0.5,789.31,2720.52,1.0
17-10-27_22:33:20,183.0,0.0,2.6,25.115,0.18,789.31,2720.52,1.0
17-10-27_22:33:20,183.0,0.0,2.6,25.115,0.18,789.31,2720.52,1.0
17-10-27_22:33:20,183.0,0.0,2.6,25.115,0.18,789.31,2720.52,1.0
17-10-27_22:33:20,183.0,0.0,2.6,25.115,0.18,789.31,2720.52,1.0
17-10-27_22:33:20,183.0,0.0,2.6,23.3,0.5,789.31,2720.52,1.0
17-10-27_22:33:20,183.0,0.0,2.6,23.3,0.5,789.31,2720.52,1.0
17-10-27_22:33:20,183.0,0.0,2.6,23.3,0.5,789.31,2720.52,1.0
17-10-27_22:33:20,183.0,0.0,2.6,23.3,0.5,789.31,2720.52,1.0
17-10-27_22:33:20,183.0,0.0,2.6,23.3,0.18,789.31,2720.52,1.0
17-10-27_22:33:20,183.0,0.0,2.6,23.3,0.18,789.31,2720.52,1.0
17-10-27_22:33:20,183.0,0.0,2.6,23.3,0.18,789.31,2720.52,1.0
17-10-27_22:33:20,183.0,0.0,2.6,23.3,0.18,789.31,2720.52,1.0
17-10-27_22:33:20,183.0,0.0,2.6,25.115,0.5,789.31,2720.52,1.0
17-10-27_22:33:20,183.0,0.0,2.6,25.115,0.5,789.31,2720.52,1.0
17-10-27_22:33:20,183.0,0.0,2.6,25.115,0.5,789.31,2720.52,1.0
17-10-27_22:33:20,183.0,0.0,2.6,25.115,0.5,789.31,2720.52,1.0
17-10-27_22:33:20,183.0,0.0,2.6,25.115,0.18,789.31,2720.52,1.0
17-10-27_22:33:20,183.0,0.0,2.6,25.115,0.18,789.31,2720.52,1.0
17-10-27_22:33:20,183.0,0.0,2.6,25.115,0.18,789.31,2720.52,1.0
17-10-27_22:33:20,183.0,0.0,2.6,25.115,0.18,789.31,2720.52,1.0
17-10-27_22:33:20,183.0,0.0,4200.0,23.3,0.5,789.31,2720.52,1.0
17-10-27_22:33:20,183.0,0.0,4200.0,23.3,0.5,789.31,2720.52,1.0
17-10-27_22:33:20,183.0,0.0,4200.0,23.3,0.5,789.31,2720.52,1.0
17-10-27_22:33:20,183.0,0.0,4200.0,23.3,0.5,789.31,2720.52,1.0
17-10-27_22:33:20,183.0,0.0,4200.0,23.3,0.18,789.31,2720.52,1.0
17-10-27_22:33:20,183.0,0.0,4200.0,23.3,0.18,789.31,2720.52,1.0
17-10-27_22:33:20,183.0,0.0,4200.0,23.3,0.18,789.31,2720.52,1.0
17-10-27_22:33:20,183.0,0.0,4200.0,23.3,0.18,789.31,2720.52,1.0
17-10-27_22:33:20,183.0,0.0,4200.0,25.115,0.5,789.31,2720.52,1.0
17-10-27_22:33:20,183.0,0.0,4200.0,25.115,0.5,789.31,2720.52,1.0
17-10-27_22:33:20,183.0,0.0,4200.0,25.115,0.5,789.31,2720.52,1.0
17-10-27_22:33:20,183.0,0.0,4200.0,25.115,0.5,789.31,2720.52,1.0
17-10-27_22:33:20,183.0,0.0,4200.0,25.115,0.18,789.31,2720.52,1.0
17-10-27_22:33:20,183.0,0.0,4200.0,25.115,0.18,789.31,2720.52,1.0
17-10-27_22:33:20,183.0,0.0,4200.0,25.115,0.18,789.31,2720.52,1.0
17-10-27_22:33:20,183.0,0.0,4200.0,25.115,0.18,789.31,2720.52,1.0
17-10-27_22:33:20,183.0,0.0,4200.0,23.3,0.5,789.31,2720.52,1.0
17-10-27_22:33:20,183.0,0.0,4200.0,23.3,0.5,789.31,2720.52,1.0
17-10-27_22:33:20,183.0,0.0,4200.0,23.3,0.5,789.31,2720.52,1.0
17-10-27_22:33:20,183.0,0.0,4200.0,23.3,0.5,789.31,2720.52,1.0
17-10-27_22:33:20,183.0,0.0,4200.0,23.3,0.18,789.31,2720.52,1.0
17-10-27_22:33:20,183.0,0.0,4200.0,23.3,0.18,789.31,2720.52,1.0
17-10-27_22:33:20,183.0,0.0,4200.0,23.3,0.18,789.31,2720.52,1.0
17-10-27_22:33:20,183.0,0.0,4200.0,23.3,0.18,789.31,2720.52,1.0
17-10-27_22:33:20,183.0,0.0,4200.0,25.115,0.5,789.31,2720.52,1.0
17-10-27_22:33:20,183.0,0.0,4200.0,25.115,0.5,789.31,2720.52,1.0
17-10-27_22:33:20,183.0,0.0,4200.0,25.115,0.5,789.31,2720.52,1.0
17-10-27_22:33:20,183.0,0.0,4200.0,25.115,0.5,789.31,2720.52,1.0
17-10-27_22:33:20,183.0,0.0,4200.0,25.115,0.18,789.31,2720.52,1.0
17-10-27_22:33:20,183.0,0.0,4200.0,25.115,0.18,789.31,2720.52,1.0
17-10-27_22:33:20,183.0,0.0,4200.0,25.115,0.18,789.31,2720.52,1.0
17-10-27_22:33:20,183.0,0.0,4200.0,25.115,0.18,789.31,2720.52,1.0
17-10-27_22:33:20,183.0,0.0,4200.0,23.3,0.5,789.31,2720.52,1.0
17-10-27_22:33:20,183.0,0.0,4200.0,23.3,0.5,789.31,2720.52,1.0
17-10-27_22:33:20,183.0,0.0,4200.0,23.3,0.5,789.31,2720.52,1.0
17-10-27_22:33:20,183.0,0.0,4200.0,23.3,0.5,789.31,2720.52,1.0
17-10-27_22:33:20,183.0,0.0,4200.0,23.3,0.18,789.31,2720.52,1.0
17-10-27_22:33:20,183.0,0.0,4200.0,23.3,0.18,789.31,2720.52,1.0
17-10-27_22:33:20,183.0,0.0,4200.0,23.3,0.18,789.31,2720.52,1.0
17-10-27_22:33:20,183.0,0.0,4200.0,23.3,0.18,789.31,2720.52,1.0
17-10-27_22:33:20,183.0,0.0,4200.0,25.115,0.5,789.31,2720.52,1.0
17-10-27_22:33:20,183.0,0.0,4200.0,25.115,0.5,789.31,2720.52,1.0
17-10-27_22:33:20,183.0,0.0,4200.0,25.115,0.5,789.31,2720.52,1.0
17-10-27_22:33:20,183.0,0.0,4200.0,25.115,0.5,789.31,2720.52,1.0
17-10-27_22:33:20,183.0,0.0,4200.0,25.115,0.18,789.31,2720.52,1.0
17-10-27_22:33:20,183.0,0.0,4200.0,25.115,0.18,789.31,2720.52,1.0
17-10-27_22:33:20,183.0,0.0,4200.0,25.115,0.18,789.31,2720.52,1.0
17-10-27_22:33:20,183.0,0.0,4200.0,25.115,0.18,789.31,2720.52,1.0
17-10-27_22:33:20,183.0,0.0,4200.0,23.3,0.5,789.31,2720.52,1.0
17-10-27_22:33:20,183.0,0.0,4200.0,23.3,0.5,789.31,2720.52,1.0
17-10-27_22:33:20,183.0,0.0,4200.0,23.3,0.5,789.31,2720.52,1.0
17-10-27_22:33:20,183.0,0.0,4200.0,23.3,0.5,789.31,2720.52,1.0
17-10-27_22:33:20,183.0,0.0,4200.0,23.3,0.18,789.31,2720.52,1.0
17-10-27_22:33:20,183.0,0.0,4200.0,23.3,0.18,789.31,2720.52,1.0
17-10-27_22:33:20,183.0,0.0,4200.0,23.3,0.18,789.31,2720.52,1.0
17-10-27_22:33:20,183.0,0.0,4200.0,23.3,0.18,789.31,2720.52,1.0
17-10-27_22:33:20,183.0,0.0,4200.0,25.115,0.5,789.31,2720.52,1.0
17-10-27_22:33:20,183.0,0.0,4200.0,25.115,0.5,789.31,2720.52,1.0
17-10-27_22:33:20,183.0,0.0,4200.0,25.115,0.5,789.31,2720.52,1.0
17-10-27_22:33:20,183.0,0.0,4200.0,25.115,0.5,789.31,2720.52,1.0
17-10-27_22:33:20,183.0,0.0,4200.0,25.115,0.18,789.31,2720.52,1.0
17-10-27_22:33:20,183.0,0.0,4200.0,25.115,0.18,789.31,2720.52,1.0
17-10-27_22:33:20,183.0,0.0,4200.0,25.115,0.18,789.31,2720.52,1.0
17-10-27_22:33:20,183.0,0.0,4200.0,25.115,0.18,789.31,2720.52,1.0
17-10-27_22:33:20,183.0,0.0,2.8,23.3,0.5,789.31,2720.52,1.0
17-10-27_22:33:20,183.0,0.0,2.8,23.3,0.5,789.31,2720.52,1.0
17-10-27_22:33:20,183.0,0.0,2.8,23.3,0.5,789.31,2720.52,1.0
17-10-27_22:33:20,183.0,0.0,2.8,23.3,0.5,789.31,2720.52,1.0
17-10-27_22:33:20,183.0,0.0,2.8,23.3,0.18,789.31,2720.52,1.0
17-10-27_22:33:20,183.0,0.0,2.8,23.3,0.18,789.31,2720.52,1.0
17-10-27_22:33:20,183.0,0.0,2.8,23.3,0.18,789.31,2720.52,1.0
17-10-27_22:33:20,183.0,0.0,2.8,23.3,0.18,789.31,2720.52,1.0
17-10-27_22:33:20,183.0,0.0,2.8,25.115,0.5,789.31,2720.52,1.0
17-10-27_22:33:20,183.0,0.0,2.8,25.115,0.5,789.31,2720.52,1.0
17-10-27_22:33:20,183.0,0.0,2.8,25.115,0.5,789.31,2720.52,1.0
17-10-27_22:33:20,183.0,0.0,2.8,25.115,0.5,789.31,2720.52,1.0
17-10-27_22:33:20,183.0,0.0,2.8,25.115,0.18,789.31,2720.52,1.0
17-10-27_22:33:20,183.0,0.0,2.8,25.115,0.18,789.31,2720.52,1.0
17-10-27_22:33:20,183.0,0.0,2.8,25.115,0.18,789.31,2720.52,1.0
17-10-27_22:33:20,183.0,0.0,2.8,25.115,0.18,789.31,2720.52,1.0
17-10-27_22:33:20,183.0,0.0,2.8,23.3,0.5,789.31,2720.52,1.0
17-10-27_22:33:20,183.0,0.0,2.8,23.3,0.5,789.31,2720.52,1.0
17-10-27_22:33:20,183.0,0.0,2.8,23.3,0.5,789.31,2720.52,1.0
17-10-27_22:33:20,183.0,0.0,2.8,23.3,0.5,789.31,2720.52,1.0
17-10-27_22:33:20,183.0,0.0,2.8,23.3,0.18,789.31,2720.52,1.0
17-10-27_22:33:20,183.0,0.0,2.8,23.3,0.18,789.31,2720.52,1.0
17-10-27_22:33:20,183.0,0.0,2.8,23.3,0.18,789.31,2720.52,1.0
17-10-27_22:33:20,183.0,0.0,2.8,23.3,0.18,789.31,2720.52,1.0
17-10-27_22:33:20,183.0,0.0,2.8,25.115,0.5,789.31,2720.52,1.0
17-10-27_22:33:20,183.0,0.0,2.8,25.115,0.5,789.31,2720.52,1.0
17-10-27_22:33:20,183.0,0.0,2.8,25.115,0.5,789.31,2720.52,1.0
17-10-27_22:33:20,183.0,0.0,2.8,25.115,0.5,789.31,2720.52,1.0
17-10-27_22:33:20,183.0,0.0,2.8,25.115,0.18,789.31,2720.52,1.0
17-10-27_22:33:20,183.0,0.0,2.8,25.115,0.18,789.31,2720.52,1.0
17-10-27_22:33:20,183.0,0.0,2.8,25.115,0.18,789.31,2720.52,1.0
17-10-27_22:33:20,183.0,0.0,2.8,25.115,0.18,789.31,2720.52,1.0
17-10-27_22:33:20,183.0,0.0,2.8,23.3,0.5,789.31,2720.52,1.0
17-10-27_22:33:20,183.0,0.0,2.8,23.3,0.5,789.31,2720.52,1.0
17-10-27_22:33:20,183.0,0.0,2.8,23.3,0.5,789.31,2720.52,1.0
17-10-27_22:33:20,183.0,0.0,2.8,23.3,0.5,789.31,2720.52,1.0
17-10-27_22:33:20,183.0,0.0,2.8,23.3,0.18,789.31,2720.52,1.0
17-10-27_22:33:20,183.0,0.0,2.8,23.3,0.18,789.31,2720.52,1.0
17-10-27_22:33:20,183.0,0.0,2.8,23.3,0.18,789.31,2720.52,1.0
17-10-27_22:33:20,183.0,0.0,2.8,23.3,0.18,789.31,2720.52,1.0
17-10-27_22:33:20,183.0,0.0,2.8,25.115,0.5,789.31,2720.52,1.0
17-10-27_22:33:20,183.0,0.0,2.8,25.115,0.5,789.31,2720.52,1.0
17-10-27_22:33:20,183.0,0.0,2.8,25.115,0.5,789.31,2720.52,1.0
17-10-27_22:33:20,183.0,0.0,2.8,25.115,0.5,789.31,2720.52,1.0
17-10-27_22:33:20,183.0,0.0,2.8,25.115,0.18,789.31,2720.52,1.0
17-10-27_22:33:20,183.0,0.0,2.8,25.115,0.18,789.31,2720.52,1.0
17-10-27_22:33:20,183.0,0.0,2.8,25.115,0.18,789.31,2720.52,1.0
17-10-27_22:33:20,183.0,0.0,2.8,25.115,0.18,789.31,2720.52,1.0
17-10-27_22:33:20,183.0,0.0,4200.0,23.3,0.5,789.31,2720.52,1.0
17-10-27_22:33:20,183.0,0.0,4200.0,23.3,0.5,789.31,2720.52,1.0
17-10-27_22:33:20,183.0,0.0,4200.0,23.3,0.5,789.31,2720.52,1.0
17-10-27_22:33:20,183.0,0.0,4200.0,23.3,0.5,789.31,2720.52,1.0
17-10-27_22:33:20,183.0,0.0,4200.0,23.3,0.18,789.31,2720.52,1.0
17-10-27_22:33:20,183.0,0.0,4200.0,23.3,0.18,789.31,2720.52,1.0
17-10-27_22:33:20,183.0,0.0,4200.0,23.3,0.18,789.31,2720.52,1.0
17-10-27_22:33:20,183.0,0.0,4200.0,23.3,0.18,789.31,2720.52,1.0
17-10-27_22:33:20,183.0,0.0,4200.0,25.115,0.5,789.31,2720.52,1.0
17-10-27_22:33:20,183.0,0.0,4200.0,25.115,0.5,789.31,2720.52,1.0
17-10-27_22:33:20,183.0,0.0,4200.0,25.115,0.5,789.31,2720.52,1.0
17-10-27_22:33:20,183.0,0.0,4200.0,25.115,0.5,789.31,2720.52,1.0
17-10-27_22:33:20,183.0,0.0,4200.0,25.115,0.18,789.31,2720.52,1.0
17-10-27_22:33:20,183.0,0.0,4200.0,25.115,0.18,789.31,2720.52,1.0
17-10-27_22:33:20,183.0,0.0,4200.0,25.115,0.18,789.31,2720.52,1.0
17-10-27_22:33:20,183.0,0.0,4200.0,25.115,0.18,789.31,2720.52,1.0
17-10-27_22:33:20,183.0,0.0,4100.0,23.3,0.5,789.31,2720.52,1.0
17-10-27_22:33:20,183.0,0.0,4100.0,23.3,0.5,789.31,2720.52,1.0
17-10-27_22:33:20,183.0,0.0,4100.0,23.3,0.5,789.31,2720.52,1.0
17-10-27_22:33:20,183.0,0.0,4100.0,23.3,0.5,789.31,2720.52,1.0
17-10-27_22:33:20,183.0,0.0,4100.0,23.3,0.18,789.31,2720.52,1.0
17-10-27_22:33:20,183.0,0.0,4100.0,23.3,0.18,789.31,2720.52,1.0
17-10-27_22:33:20,183.0,0.0,4100.0,23.3,0.18,789.31,2720.52,1.0
17-10-27_22:33:20,183.0,0.0,4100.0,23.3,0.18,789.31,2720.52,1.0
17-10-27_22:33:20,183.0,0.0,4100.0,25.115,0.5,789.31,2720.52,1.0
17-10-27_22:33:20,183.0,0.0,4100.0,25.115,0.5,789.31,2720.52,1.0
17-10-27_22:33:20,183.0,0.0,4100.0,25.115,0.5,789.31,2720.52,1.0
17-10-27_22:33:20,183.0,0.0,4100.0,25.115,0.5,789.31,2720.52,1.0
17-10-27_22:33:20,183.0,0.0,4100.0,25.115,0.18,789.31,2720.52,1.0
17-10-27_22:33:20,183.0,0.0,4100.0,25.115,0.18,789.31,2720.52,1.0
17-10-27_22:33:20,183.0,0.0,4100.0,25.115,0.18,789.31,2720.52,1.0
17-10-27_22:33:20,183.0,0.0,4100.0,25.115,0.18,789.31,2720.52,1.0
17-10-27_22:33:20,183.0,0.0,4200.0,23.3,0.5,789.31,2720.52,1.0
17-10-27_22:33:20,183.0,0.0,4200.0,23.3,0.5,789.31,2720.52,1.0
17-10-27_22:33:20,183.0,0.0,4200.0,23.3,0.5,789.31,2720.52,1.0
17-10-27_22:33:20,183.0,0.0,4200.0,23.3,0.5,789.31,2720.52,1.0
17-10-27_22:33:20,183.0,0.0,4200.0,23.3,0.18,789.31,2720.52,1.0
17-10-27_22:33:20,183.0,0.0,4200.0,23.3,0.18,789.31,2720.52,1.0
17-10-27_22:33:20,183.0,0.0,4200.0,23.3,0.18,789.31,2720.52,1.0
17-10-27_22:33:20,183.0,0.0,4200.0,23.3,0.18,789.31,2720.52,1.0
17-10-27_22:33:20,183.0,0.0,4200.0,25.115,0.5,789.31,2720.52,1.0
17-10-27_22:33:20,183.0,0.0,4200.0,25.115,0.5,789.31,2720.52,1.0
17-10-27_22:33:20,183.0,0.0,4200.0,25.115,0.5,789.31,2720.52,1.0
17-10-27_22:33:20,183.0,0.0,4200.0,25.115,0.5,789.31,2720.52,1.0
17-10-27_22:33:20,183.0,0.0,4200.0,25.115,0.18,789.31,2720.52,1.0
17-10-27_22:33:20,183.0,0.0,4200.0,25.115,0.18,789.31,2720.52,1.0
17-10-27_22:33:20,183.0,0.0,4200.0,25.115,0.18,789.31,2720.52,1.0
17-10-27_22:33:20,183.0,0.0,4200.0,25.115,0.18,789.31,2720.52,1.0
17-10-27_22:33:20,183.0,0.0,4200.0,23.3,0.5,789.31,2720.52,1.0
17-10-27_22:33:20,183.0,0.0,4200.0,23.3,0.5,789.31,2720.52,1.0
17-10-27_22:33:20,183.0,0.0,4200.0,23.3,0.5,789.31,2720.52,1.0
17-10-27_22:33:20,183.0,0.0,4200.0,23.3,0.5,789.31,2720.52,1.0
17-10-27_22:33:20,183.0,0.0,4200.0,23.3,0.18,789.31,2720.52,1.0
17-10-27_22:33:20,183.0,0.0,4200.0,23.3,0.18,789.31,2720.52,1.0
17-10-27_22:33:20,183.0,0.0,4200.0,23.3,0.18,789.31,2720.52,1.0
17-10-27_22:33:20,183.0,0.0,4200.0,23.3,0.18,789.31,2720.52,1.0
17-10-27_22:33:20,183.0,0.0,4200.0,25.115,0.5,789.31,2720.52,1.0
17-10-27_22:33:20,183.0,0.0,4200.0,25.115,0.5,789.31,2720.52,1.0
17-10-27_22:33:20,183.0,0.0,4200.0,25.115,0.5,789.31,2720.52,1.0
17-10-27_22:33:20,183.0,0.0,4200.0,25.115,0.5,789.31,2720.52,1.0
17-10-27_22:33:20,183.0,0.0,4200.0,25.115,0.18,789.31,2720.52,1.0
17-10-27_22:33:20,183.0,0.0,4200.0,25.115,0.18,789.31,2720.52,1.0
17-10-27_22:33:20,183.0,0.0,4200.0,25.115,0.18,789.31,2720.52,1.0
17-10-27_22:33:20,183.0,0.0,4200.0,25.115,0.18,789.31,2720.52,1.0
17-10-27_22:33:20,183.0,0.0,4200.0,23.3,0.5,789.31,2720.52,1.0
17-10-27_22:33:20,183.0,0.0,4200.0,23.3,0.5,789.31,2720.52,1.0
17-10-27_22:33:20,183.0,0.0,4200.0,23.3,0.5,789.31,2720.52,1.0
17-10-27_22:33:20,183.0,0.0,4200.0,23.3,0.5,789.31,2720.52,1.0
17-10-27_22:33:20,183.0,0.0,4200.0,23.3,0.18,789.31,2720.52,1.0
17-10-27_22:33:20,183.0,0.0,4200.0,23.3,0.18,789.31,2720.52,1.0
17-10-27_22:33:20,183.0,0.0,4200.0,23.3,0.18,789.31,2720.52,1.0
17-10-27_22:33:20,183.0,0.0,4200.0,23.3,0.18,789.31,2720.52,1.0
17-10-27_22:33:20,183.0,0.0,4200.0,25.115,0.5,789.31,2720.52,1.0
17-10-27_22:33:20,183.0,0.0,4200.0,25.115,0.5,789.31,2720.52,1.0
17-10-27_22:33:20,183.0,0.0,4200.0,25.115,0.5,789.31,2720.52,1.0
17-10-27_22:33:20,183.0,0.0,4200.0,25.115,0.5,789.31,2720.52,1.0
17-10-27_22:33:20,183.0,0.0,4200.0,25.115,0.18,789.31,2720.52,1.0
17-10-27_22:33:20,183.0,0.0,4200.0,25.115,0.18,789.31,2720.52,1.0
17-10-27_22:33:20,183.0,0.0,4200.0,25.115,0.18,789.31,2720.52,1.0
17-10-27_22:33:20,183.0,0.0,4200.0,25.115,0.18,789.31,2720.52,1.0
17-10-27_22:33:20,183.0,0.0,4300.0,23.3,0.5,789.31,2720.52,1.0
17-10-27_22:33:20,183.0,0.0,4300.0,23.3,0.5,789.31,2720.52,1.0
17-10-27_22:33:20,183.0,0.0,4300.0,23.3,0.5,789.31,2720.52,1.0
17-10-27_22:33:20,183.0,0.0,4300.0,23.3,0.5,789.31,2720.52,1.0
17-10-27_22:33:20,183.0,0.0,4300.0,23.3,0.18,789.31,2720.52,1.0
17-10-27_22:33:20,183.0,0.0,4300.0,23.3,0.18,789.31,2720.52,1.0
17-10-27_22:33:20,183.0,0.0,4300.0,23.3,0.18,789.31,2720.52,1.0
17-10-27_22:33:20,183.0,0.0,4300.0,23.3,0.18,789.31,2720.52,1.0
17-10-27_22:33:20,183.0,0.0,4300.0,25.115,0.5,789.31,2720.52,1.0
17-10-27_22:33:20,183.0,0.0,4300.0,25.115,0.5,789.31,2720.52,1.0
17-10-27_22:33:20,183.0,0.0,4300.0,25.115,0.5,789.31,2720.52,1.0
17-10-27_22:33:20,183.0,0.0,4300.0,25.115,0.5,789.31,2720.52,1.0
17-10-27_22:33:20,183.0,0.0,4300.0,25.115,0.18,789.31,2720.52,1.0
17-10-27_22:33:20,183.0,0.0,4300.0,25.115,0.18,789.31,2720.52,1.0
17-10-27_22:33:20,183.0,0.0,4300.0,25.115,0.18,789.31,2720.52,1.0
17-10-27_22:33:20,183.0,0.0,4300.0,25.115,0.18,789.31,2720.52,1.0
17-10-27_22:33:20,183.0,0.0,4200.0,23.3,0.5,789.31,2720.52,1.0
17-10-27_22:33:20,183.0,0.0,4200.0,23.3,0.5,789.31,2720.52,1.0
17-10-27_22:33:20,183.0,0.0,4200.0,23.3,0.5,789.31,2720.52,1.0
17-10-27_22:33:20,183.0,0.0,4200.0,23.3,0.5,789.31,2720.52,1.0
17-10-27_22:33:20,183.0,0.0,4200.0,23.3,0.18,789.31,2720.52,1.0
17-10-27_22:33:20,183.0,0.0,4200.0,23.3,0.18,789.31,2720.52,1.0
17-10-27_22:33:20,183.0,0.0,4200.0,23.3,0.18,789.31,2720.52,1.0
17-10-27_22:33:20,183.0,0.0,4200.0,23.3,0.18,789.31,2720.52,1.0
17-10-27_22:33:20,183.0,0.0,4200.0,25.115,0.5,789.31,2720.52,1.0
17-10-27_22:33:20,183.0,0.0,4200.0,25.115,0.5,789.31,2720.52,1.0
17-10-27_22:33:20,183.0,0.0,4200.0,25.115,0.5,789.31,2720.52,1.0
17-10-27_22:33:20,183.0,0.0,4200.0,25.115,0.5,789.31,2720.52,1.0
17-10-27_22:33:20,183.0,0.0,4200.0,25.115,0.18,789.31,2720.52,1.0
17-10-27_22:33:20,183.0,0.0,4200.0,25.115,0.18,789.31,2720.52,1.0
17-10-27_22:33:20,183.0,0.0,4200.0,25.115,0.18,789.31,2720.52,1.0
17-10-27_22:33:20,183.0,0.0,4200.0,25.115,0.18,789.31,2720.52,1.0
17-10-27_22:33:20,183.0,0.0,4300.0,23.3,0.5,789.31,2720.52,1.0
17-10-27_22:33:20,183.0,0.0,4300.0,23.3,0.5,789.31,2720.52,1.0
17-10-27_22:33:20,183.0,0.0,4300.0,23.3,0.5,789.31,2720.52,1.0
17-10-27_22:33:20,183.0,0.0,4300.0,23.3,0.5,789.31,2720.52,1.0
17-10-27_22:33:20,183.0,0.0,4300.0,23.3,0.18,789.31,2720.52,1.0
17-10-27_22:33:20,183.0,0.0,4300.0,23.3,0.18,789.31,2720.52,1.0
17-10-27_22:33:20,183.0,0.0,4300.0,23.3,0.18,789.31,2720.52,1.0
17-10-27_22:33:20,183.0,0.0,4300.0,23.3,0.18,789.31,2720.52,1.0
17-10-27_22:33:20,183.0,0.0,4300.0,25.115,0.5,789.31,2720.52,1.0
17-10-27_22:33:20,183.0,0.0,4300.0,25.115,0.5,789.31,2720.52,1.0
17-10-27_22:33:20,183.0,0.0,4300.0,25.115,0.5,789.31,2720.52,1.0
17-10-27_22:33:20,183.0,0.0,4300.0,25.115,0.5,789.31,2720.52,1.0
17-10-27_22:33:20,183.0,0.0,4300.0,25.115,0.18,789.31,2720.52,1.0
17-10-27_22:33:20,183.0,0.0,4300.0,25.115,0.18,789.31,2720.52,1.0
17-10-27_22:33:20,183.0,0.0,4300.0,25.115,0.18,789.31,2720.52,1.0
17-10-27_22:33:20,183.0,0.0,4300.0,25.115,0.18,789.31,2720.52,1.0
17-10-27_22:33:20,183.0,0.0,4100.0,23.3,0.5,789.31,2720.52,1.0
17-10-27_22:33:20,183.0,0.0,4100.0,23.3,0.5,789.31,2720.52,1.0
17-10-27_22:33:20,183.0,0.0,4100.0,23.3,0.5,789.31,2720.52,1.0
17-10-27_22:33:20,183.0,0.0,4100.0,23.3,0.5,789.31,2720.52,1.0
17-10-27_22:33:20,183.0,0.0,4100.0,23.3,0.18,789.31,2720.52,1.0
17-10-27_22:33:20,183.0,0.0,4100.0,23.3,0.18,789.31,2720.52,1.0
17-10-27_22:33:20,183.0,0.0,4100.0,23.3,0.18,789.31,2720.52,1.0
17-10-27_22:33:20,183.0,0.0,4100.0,23.3,0.18,789.31,2720.52,1.0
17-10-27_22:33:20,183.0,0.0,4100.0,25.115,0.5,789.31,2720.52,1.0
17-10-27_22:33:20,183.0,0.0,4100.0,25.115,0.5,789.31,2720.52,1.0
17-10-27_22:33:20,183.0,0.0,4100.0,25.115,0.5,789.31,2720.52,1.0
17-10-27_22:33:20,183.0,0.0,4100.0,25.115,0.5,789.31,2720.52,1.0
17-10-27_22:33:20,183.0,0.0,4100.0,25.115,0.18,789.31,2720.52,1.0
17-10-27_22:33:20,183.0,0.0,4100.0,25.115,0.18,789.31,2720.52,1.0
17-10-27_22:33:20,183.0,0.0,4100.0,25.115,0.18,789.31,2720.52,1.0
17-10-27_22:33:20,183.0,0.0,4100.0,25.115,0.18,789.31,2720.52,1.0
17-10-27_22:33:20,183.0,0.0,4200.0,23.3,0.5,789.31,2720.52,1.0
17-10-27_22:33:20,183.0,0.0,4200.0,23.3,0.5,789.31,2720.52,1.0
17-10-27_22:33:20,183.0,0.0,4200.0,23.3,0.5,789.31,2720.52,1.0
17-10-27_22:33:20,183.0,0.0,4200.0,23.3,0.5,789.31,2720.52,1.0
17-10-27_22:33:20,183.0,0.0,4200.0,23.3,0.18,789.31,2720.52,1.0
17-10-27_22:33:20,183.0,0.0,4200.0,23.3,0.18,789.31,2720.52,1.0
17-10-27_22:33:20,183.0,0.0,4200.0,23.3,0.18,789.31,2720.52,1.0
17-10-27_22:33:20,183.0,0.0,4200.0,23.3,0.18,789.31,2720.52,1.0
17-10-27_22:33:20,183.0,0.0,4200.0,25.115,0.5,789.31,2720.52,1.0
17-10-27_22:33:20,183.0,0.0,4200.0,25.115,0.5,789.31,2720.52,1.0
17-10-27_22:33:20,183.0,0.0,4200.0,25.115,0.5,789.31,2720.52,1.0
17-10-27_22:33:20,183.0,0.0,4200.0,25.115,0.5,789.31,2720.52,1.0
17-10-27_22:33:20,183.0,0.0,4200.0,25.115,0.18,789.31,2720.52,1.0
17-10-27_22:33:20,183.0,0.0,4200.0,25.115,0.18,789.31,2720.52,1.0
17-10-27_22:33:20,183.0,0.0,4200.0,25.115,0.18,789.31,2720.52,1.0
17-10-27_22:33:20,183.0,0.0,4200.0,25.115,0.18,789.31,2720.52,1.0
17-10-27_22:33:20,183.0,0.0,4300.0,23.3,0.5,789.31,2720.52,1.0
17-10-27_22:33:20,183.0,0.0,4300.0,23.3,0.5,789.31,2720.52,1.0
17-10-27_22:33:20,183.0,0.0,4300.0,23.3,0.5,789.31,2720.52,1.0
17-10-27_22:33:20,183.0,0.0,4300.0,23.3,0.5,789.31,2720.52,1.0
17-10-27_22:33:20,183.0,0.0,4300.0,23.3,0.18,789.31,2720.52,1.0
17-10-27_22:33:20,183.0,0.0,4300.0,23.3,0.18,789.31,2720.52,1.0
17-10-27_22:33:20,183.0,0.0,4300.0,23.3,0.18,789.31,2720.52,1.0
17-10-27_22:33:20,183.0,0.0,4300.0,23.3,0.18,789.31,2720.52,1.0
17-10-27_22:33:20,183.0,0.0,4300.0,25.115,0.5,789.31,2720.52,1.0
17-10-27_22:33:20,183.0,0.0,4300.0,25.115,0.5,789.31,2720.52,1.0
17-10-27_22:33:20,183.0,0.0,4300.0,25.115,0.5,789.31,2720.52,1.0
17-10-27_22:33:20,183.0,0.0,4300.0,25.115,0.5,789.31,2720.52,1.0
17-10-27_22:33:20,183.0,0.0,4300.0,25.115,0.18,789.31,2720.52,1.0
17-10-27_22:33:20,183.0,0.0,4300.0,25.115,0.18,789.31,2720.52,1.0
17-10-27_22:33:20,183.0,0.0,4300.0,25.115,0.18,789.31,2720.52,1.0
17-10-27_22:33:20,183.0,0.0,4300.0,25.115,0.18,789.31,2720.52,1.0
17-10-27_22:33:20,183.0,0.0,4300.0,23.3,0.5,789.31,2720.52,1.0
17-10-27_22:33:20,183.0,0.0,4300.0,23.3,0.5,789.31,2720.52,1.0
17-10-27_22:33:20,183.0,0.0,4300.0,23.3,0.5,789.31,2720.52,1.0
17-10-27_22:33:20,183.0,0.0,4300.0,23.3,0.5,789.31,2720.52,1.0
17-10-27_22:33:20,183.0,0.0,4300.0,23.3,0.18,789.31,2720.52,1.0
17-10-27_22:33:20,183.0,0.0,4300.0,23.3,0.18,789.31,2720.52,1.0
17-10-27_22:33:20,183.0,0.0,4300.0,23.3,0.18,789.31,2720.52,1.0
17-10-27_22:33:20,183.0,0.0,4300.0,23.3,0.18,789.31,2720.52,1.0
17-10-27_22:33:20,183.0,0.0,4300.0,25.115,0.5,789.31,2720.52,1.0
17-10-27_22:33:20,183.0,0.0,4300.0,25.115,0.5,789.31,2720.52,1.0
17-10-27_22:33:20,183.0,0.0,4300.0,25.115,0.5,789.31,2720.52,1.0
17-10-27_22:33:20,183.0,0.0,4300.0,25.115,0.5,789.31,2720.52,1.0
17-10-27_22:33:20,183.0,0.0,4300.0,25.115,0.18,789.31,2720.52,1.0
17-10-27_22:33:20,183.0,0.0,4300.0,25.115,0.18,789.31,2720.52,1.0
17-10-27_22:33:20,183.0,0.0,4300.0,25.115,0.18,789.31,2720.52,1.0
17-10-27_22:33:20,183.0,0.0,4300.0,25.115,0.18,789.31,2720.52,1.0
17-10-27_22:33:20,183.0,0.0,4.0,23.3,0.5,789.31,2720.52,1.0
17-10-27_22:33:20,183.0,0.0,4.0,23.3,0.5,789.31,2720.52,1.0
17-10-27_22:33:20,183.0,0.0,4.0,23.3,0.5,789.31,2720.52,1.0
17-10-27_22:33:20,183.0,0.0,4.0,23.3,0.5,789.31,2720.52,1.0
17-10-27_22:33:20,183.0,0.0,4.0,23.3,0.18,789.31,2720.52,1.0
17-10-27_22:33:20,183.0,0.0,4.0,23.3,0.18,789.31,2720.52,1.0
17-10-27_22:33:20,183.0,0.0,4.0,23.3,0.18,789.31,2720.52,1.0
17-10-27_22:33:20,183.0,0.0,4.0,23.3,0.18,789.31,2720.52,1.0
17-10-27_22:33:20,183.0,0.0,4.0,25.115,0.5,789.31,2720.52,1.0
17-10-27_22:33:20,183.0,0.0,4.0,25.115,0.5,789.31,2720.52,1.0
17-10-27_22:33:20,183.0,0.0,4.0,25.115,0.5,789.31,2720.52,1.0
17-10-27_22:33:20,183.0,0.0,4.0,25.115,0.5,789.31,2720.52,1.0
17-10-27_22:33:20,183.0,0.0,4.0,25.115,0.18,789.31,2720.52,1.0
17-10-27_22:33:20,183.0,0.0,4.0,25.115,0.18,789.31,2720.52,1.0
17-10-27_22:33:20,183.0,0.0,4.0,25.115,0.18,789.31,2720.52,1.0
17-10-27_22:33:20,183.0,0.0,4.0,25.115,0.18,789.31,2720.52,1.0
17-10-27_22:33:20,183.0,0.0,4000.0,23.3,0.5,789.31,2720.52,1.0
17-10-27_22:33:20,183.0,0.0,4000.0,23.3,0.5,789.31,2720.52,1.0
17-10-27_22:33:20,183.0,0.0,4000.0,23.3,0.5,789.31,2720.52,1.0
17-10-27_22:33:20,183.0,0.0,4000.0,23.3,0.5,789.31,2720.52,1.0
17-10-27_22:33:20,183.0,0.0,4000.0,23.3,0.18,789.31,2720.52,1.0
17-10-27_22:33:20,183.0,0.0,4000.0,23.3,0.18,789.31,2720.52,1.0
17-10-27_22:33:20,183.0,0.0,4000.0,23.3,0.18,789.31,2720.52,1.0
17-10-27_22:33:20,183.0,0.0,4000.0,23.3,0.18,789.31,2720.52,1.0
17-10-27_22:33:20,183.0,0.0,4000.0,25.115,0.5,789.31,2720.52,1.0
17-10-27_22:33:20,183.0,0.0,4000.0,25.115,0.5,789.31,2720.52,1.0
17-10-27_22:33:20,183.0,0.0,4000.0,25.115,0.5,789.31,2720.52,1.0
17-10-27_22:33:20,183.0,0.0,4000.0,25.115,0.5,789.31,2720.52,1.0
17-10-27_22:33:20,183.0,0.0,4000.0,25.115,0.18,789.31,2720.52,1.0
17-10-27_22:33:20,183.0,0.0,4000.0,25.115,0.18,789.31,2720.52,1.0
17-10-27_22:33:20,183.0,0.0,4000.0,25.115,0.18,789.31,2720.52,1.0
17-10-27_22:33:20,183.0,0.0,4000.0,25.115,0.18,789.31,2720.52,1.0
17-10-27_22:33:20,183.0,0.0,1355.9,23.3,0.5,789.31,2720.52,1.0
17-10-27_22:33:20,183.0,0.0,1355.9,23.3,0.5,789.31,2720.52,1.0
17-10-27_22:33:20,183.0,0.0,1355.9,23.3,0.5,789.31,2720.52,1.0
17-10-27_22:33:20,183.0,0.0,1355.9,23.3,0.5,789.31,2720.52,1.0
17-10-27_22:33:20,183.0,0.0,1355.9,23.3,0.18,789.31,2720.52,1.0
17-10-27_22:33:20,183.0,0.0,1355.9,23.3,0.18,789.31,2720.52,1.0
17-10-27_22:33:20,183.0,0.0,1355.9,23.3,0.18,789.31,2720.52,1.0
17-10-27_22:33:20,183.0,0.0,1355.9,23.3,0.18,789.31,2720.52,1.0
17-10-27_22:33:20,183.0,0.0,1355.9,25.115,0.5,789.31,2720.52,1.0
17-10-27_22:33:20,183.0,0.0,1355.9,25.115,0.5,789.31,2720.52,1.0
17-10-27_22:33:20,183.0,0.0,1355.9,25.115,0.5,789.31,2720.52,1.0
17-10-27_22:33:20,183.0,0.0,1355.9,25.115,0.5,789.31,2720.52,1.0
17-10-27_22:33:20,183.0,0.0,1355.9,25.115,0.18,789.31,2720.52,1.0
17-10-27_22:33:20,183.0,0.0,1355.9,25.115,0.18,789.31,2720.52,1.0
17-10-27_22:33:20,183.0,0.0,1355.9,25.115,0.18,789.31,2720.52,1.0
17-10-27_22:33:20,183.0,0.0,1355.9,25.115,0.18,789.31,2720.52,1.0
17-10-27_22:33:20,183.0,0.0,3000.0,23.3,0.5,789.31,2720.52,1.0
17-10-27_22:33:20,183.0,0.0,3000.0,23.3,0.5,789.31,2720.52,1.0
17-10-27_22:33:20,183.0,0.0,3000.0,23.3,0.5,789.31,2720.52,1.0
17-10-27_22:33:20,183.0,0.0,3000.0,23.3,0.5,789.31,2720.52,1.0
17-10-27_22:33:20,183.0,0.0,3000.0,23.3,0.18,789.31,2720.52,1.0
17-10-27_22:33:20,183.0,0.0,3000.0,23.3,0.18,789.31,2720.52,1.0
17-10-27_22:33:20,183.0,0.0,3000.0,23.3,0.18,789.31,2720.52,1.0
17-10-27_22:33:20,183.0,0.0,3000.0,23.3,0.18,789.31,2720.52,1.0
17-10-27_22:33:20,183.0,0.0,3000.0,25.115,0.5,789.31,2720.52,1.0
17-10-27_22:33:20,183.0,0.0,3000.0,25.115,0.5,789.31,2720.52,1.0
17-10-27_22:33:20,183.0,0.0,3000.0,25.115,0.5,789.31,2720.52,1.0
17-10-27_22:33:20,183.0,0.0,3000.0,25.115,0.5,789.31,2720.52,1.0
17-10-27_22:33:20,183.0,0.0,3000.0,25.115,0.18,789.31,2720.52,1.0
17-10-27_22:33:20,183.0,0.0,3000.0,25.115,0.18,789.31,2720.52,1.0
17-10-27_22:33:20,183.0,0.0,3000.0,25.115,0.18,789.31,2720.52,1.0
17-10-27_22:33:20,183.0,0.0,3000.0,25.115,0.18,789.31,2720.52,1.0
17-10-27_22:33:20,183.0,0.0,4000.0,23.3,0.5,789.31,2720.52,1.0
17-10-27_22:33:20,183.0,0.0,4000.0,23.3,0.5,789.31,2720.52,1.0
17-10-27_22:33:20,183.0,0.0,4000.0,23.3,0.5,789.31,2720.52,1.0
17-10-27_22:33:20,183.0,0.0,4000.0,23.3,0.5,789.31,2720.52,1.0
17-10-27_22:33:20,183.0,0.0,4000.0,23.3,0.18,789.31,2720.52,1.0
17-10-27_22:33:20,183.0,0.0,4000.0,23.3,0.18,789.31,2720.52,1.0
17-10-27_22:33:20,183.0,0.0,4000.0,23.3,0.18,789.31,2720.52,1.0
17-10-27_22:33:20,183.0,0.0,4000.0,23.3,0.18,789.31,2720.52,1.0
17-10-27_22:33:20,183.0,0.0,4000.0,25.115,0.5,789.31,2720.52,1.0
17-10-27_22:33:20,183.0,0.0,4000.0,25.115,0.5,789.31,2720.52,1.0
17-10-27_22:33:20,183.0,0.0,4000.0,25.115,0.5,789.31,2720.52,1.0
17-10-27_22:33:20,183.0,0.0,4000.0,25.115,0.5,789.31,2720.52,1.0
17-10-27_22:33:20,183.0,0.0,4000.0,25.115,0.18,789.31,2720.52,1.0
17-10-27_22:33:20,183.0,0.0,4000.0,25.115,0.18,789.31,2720.52,1.0
17-10-27_22:33:20,183.0,0.0,4000.0,25.115,0.18,789.31,2720.52,1.0
17-10-27_22:33:20,183.0,0.0,4000.0,25.115,0.18,789.31,2720.52,1.0
17-10-27_22:33:20,183.0,0.0,4000.0,23.3,0.5,789.31,2720.52,1.0
17-10-27_22:33:20,183.0,0.0,4000.0,23.3,0.5,789.31,2720.52,1.0
17-10-27_22:33:20,183.0,0.0,4000.0,23.3,0.5,789.31,2720.52,1.0
17-10-27_22:33:20,183.0,0.0,4000.0,23.3,0.5,789.31,2720.52,1.0
17-10-27_22:33:20,183.0,0.0,4000.0,23.3,0.18,789.31,2720.52,1.0
17-10-27_22:33:20,183.0,0.0,4000.0,23.3,0.18,789.31,2720.52,1.0
17-10-27_22:33:20,183.0,0.0,4000.0,23.3,0.18,789.31,2720.52,1.0
17-10-27_22:33:20,183.0,0.0,4000.0,23.3,0.18,789.31,2720.52,1.0
17-10-27_22:33:20,183.0,0.0,4000.0,25.115,0.5,789.31,2720.52,1.0
17-10-27_22:33:20,183.0,0.0,4000.0,25.115,0.5,789.31,2720.52,1.0
17-10-27_22:33:20,183.0,0.0,4000.0,25.115,0.5,789.31,2720.52,1.0
17-10-27_22:33:20,183.0,0.0,4000.0,25.115,0.5,789.31,2720.52,1.0
17-10-27_22:33:20,183.0,0.0,4000.0,25.115,0.18,789.31,2720.52,1.0
17-10-27_22:33:20,183.0,0.0,4000.0,25.115,0.18,789.31,2720.52,1.0
17-10-27_22:33:20,183.0,0.0,4000.0,25.115,0.18,789.31,2720.52,1.0
17-10-27_22:33:20,183.0,0.0,4000.0,25.115,0.18,789.31,2720.52,1.0
17-10-27_22:33:20,183.0,0.0,4000.0,23.3,0.5,789.31,2720.52,1.0
17-10-27_22:33:20,183.0,0.0,4000.0,23.3,0.5,789.31,2720.52,1.0
17-10-27_22:33:20,183.0,0.0,4000.0,23.3,0.5,789.31,2720.52,1.0
17-10-27_22:33:20,183.0,0.0,4000.0,23.3,0.5,789.31,2720.52,1.0
17-10-27_22:33:20,183.0,0.0,4000.0,23.3,0.18,789.31,2720.52,1.0
17-10-27_22:33:20,183.0,0.0,4000.0,23.3,0.18,789.31,2720.52,1.0
17-10-27_22:33:20,183.0,0.0,4000.0,23.3,0.18,789.31,2720.52,1.0
17-10-27_22:33:20,183.0,0.0,4000.0,23.3,0.18,789.31,2720.52,1.0
17-10-27_22:33:20,183.0,0.0,4000.0,25.115,0.5,789.31,2720.52,1.0
17-10-27_22:33:20,183.0,0.0,4000.0,25.115,0.5,789.31,2720.52,1.0
17-10-27_22:33:20,183.0,0.0,4000.0,25.115,0.5,789.31,2720.52,1.0
17-10-27_22:33:20,183.0,0.0,4000.0,25.115,0.5,789.31,2720.52,1.0
17-10-27_22:33:20,183.0,0.0,4000.0,25.115,0.18,789.31,2720.52,1.0
17-10-27_22:33:20,183.0,0.0,4000.0,25.115,0.18,789.31,2720.52,1.0
17-10-27_22:33:20,183.0,0.0,4000.0,25.115,0.18,789.31,2720.52,1.0
17-10-27_22:33:20,183.0,0.0,4000.0,25.115,0.18,789.31,2720.52,1.0
17-10-27_22:33:20,183.0,0.0,4000.0,23.3,0.5,789.31,2720.52,1.0
17-10-27_22:33:20,183.0,0.0,4000.0,23.3,0.5,789.31,2720.52,1.0
17-10-27_22:33:20,183.0,0.0,4000.0,23.3,0.5,789.31,2720.52,1.0
17-10-27_22:33:20,183.0,0.0,4000.0,23.3,0.5,789.31,2720.52,1.0
17-10-27_22:33:20,183.0,0.0,4000.0,23.3,0.18,789.31,2720.52,1.0
17-10-27_22:33:20,183.0,0.0,4000.0,23.3,0.18,789.31,2720.52,1.0
17-10-27_22:33:20,183.0,0.0,4000.0,23.3,0.18,789.31,2720.52,1.0
17-10-27_22:33:20,183.0,0.0,4000.0,23.3,0.18,789.31,2720.52,1.0
17-10-27_22:33:20,183.0,0.0,4000.0,25.115,0.5,789.31,2720.52,1.0
17-10-27_22:33:20,183.0,0.0,4000.0,25.115,0.5,789.31,2720.52,1.0
17-10-27_22:33:20,183.0,0.0,4000.0,25.115,0.5,789.31,2720.52,1.0
17-10-27_22:33:20,183.0,0.0,4000.0,25.115,0.5,789.31,2720.52,1.0
17-10-27_22:33:20,183.0,0.0,4000.0,25.115,0.18,789.31,2720.52,1.0
17-10-27_22:33:20,183.0,0.0,4000.0,25.115,0.18,789.31,2720.52,1.0
17-10-27_22:33:20,183.0,0.0,4000.0,25.115,0.18,789.31,2720.52,1.0
17-10-27_22:33:20,183.0,0.0,4000.0,25.115,0.18,789.31,2720.52,1.0
17-10-27_22:33:20,183.0,0.0,4000.0,23.3,0.5,789.31,2720.52,1.0
17-10-27_22:33:20,183.0,0.0,4000.0,23.3,0.5,789.31,2720.52,1.0
17-10-27_22:33:20,183.0,0.0,4000.0,23.3,0.5,789.31,2720.52,1.0
17-10-27_22:33:20,183.0,0.0,4000.0,23.3,0.5,789.31,2720.52,1.0
17-10-27_22:33:20,183.0,0.0,4000.0,23.3,0.18,789.31,2720.52,1.0
17-10-27_22:33:20,183.0,0.0,4000.0,23.3,0.18,789.31,2720.52,1.0
17-10-27_22:33:20,183.0,0.0,4000.0,23.3,0.18,789.31,2720.52,1.0
17-10-27_22:33:20,183.0,0.0,4000.0,23.3,0.18,789.31,2720.52,1.0
17-10-27_22:33:20,183.0,0.0,4000.0,25.115,0.5,789.31,2720.52,1.0
17-10-27_22:33:20,183.0,0.0,4000.0,25.115,0.5,789.31,2720.52,1.0
17-10-27_22:33:20,183.0,0.0,4000.0,25.115,0.5,789.31,2720.52,1.0
17-10-27_22:33:20,183.0,0.0,4000.0,25.115,0.5,789.31,2720.52,1.0
17-10-27_22:33:20,183.0,0.0,4000.0,25.115,0.18,789.31,2720.52,1.0
17-10-27_22:33:20,183.0,0.0,4000.0,25.115,0.18,789.31,2720.52,1.0
17-10-27_22:33:20,183.0,0.0,4000.0,25.115,0.18,789.31,2720.52,1.0
17-10-27_22:33:20,183.0,0.0,4000.0,25.115,0.18,789.31,2720.52,1.0
17-10-27_22:33:20,183.0,0.0,4000.0,23.3,0.5,789.31,2720.52,1.0
17-10-27_22:33:20,183.0,0.0,4000.0,23.3,0.5,789.31,2720.52,1.0
17-10-27_22:33:20,183.0,0.0,4000.0,23.3,0.5,789.31,2720.52,1.0
17-10-27_22:33:20,183.0,0.0,4000.0,23.3,0.5,789.31,2720.52,1.0
17-10-27_22:33:20,183.0,0.0,4000.0,23.3,0.18,789.31,2720.52,1.0
17-10-27_22:33:20,183.0,0.0,4000.0,23.3,0.18,789.31,2720.52,1.0
17-10-27_22:33:20,183.0,0.0,4000.0,23.3,0.18,789.31,2720.52,1.0
17-10-27_22:33:20,183.0,0.0,4000.0,23.3,0.18,789.31,2720.52,1.0
17-10-27_22:33:20,183.0,0.0,4000.0,25.115,0.5,789.31,2720.52,1.0
17-10-27_22:33:20,183.0,0.0,4000.0,25.115,0.5,789.31,2720.52,1.0
17-10-27_22:33:20,183.0,0.0,4000.0,25.115,0.5,789.31,2720.52,1.0
17-10-27_22:33:20,183.0,0.0,4000.0,25.115,0.5,789.31,2720.52,1.0
17-10-27_22:33:20,183.0,0.0,4000.0,25.115,0.18,789.31,2720.52,1.0
17-10-27_22:33:20,183.0,0.0,4000.0,25.115,0.18,789.31,2720.52,1.0
17-10-27_22:33:20,183.0,0.0,4000.0,25.115,0.18,789.31,2720.52,1.0
17-10-27_22:33:20,183.0,0.0,4000.0,25.115,0.18,789.31,2720.52,1.0
17-10-27_22:33:20,183.0,0.0,4000.0,23.3,0.5,789.31,2720.52,1.0
17-10-27_22:33:20,183.0,0.0,4000.0,23.3,0.5,789.31,2720.52,1.0
17-10-27_22:33:20,183.0,0.0,4000.0,23.3,0.5,789.31,2720.52,1.0
17-10-27_22:33:20,183.0,0.0,4000.0,23.3,0.5,789.31,2720.52,1.0
17-10-27_22:33:20,183.0,0.0,4000.0,23.3,0.18,789.31,2720.52,1.0
17-10-27_22:33:20,183.0,0.0,4000.0,23.3,0.18,789.31,2720.52,1.0
17-10-27_22:33:20,183.0,0.0,4000.0,23.3,0.18,789.31,2720.52,1.0
17-10-27_22:33:20,183.0,0.0,4000.0,23.3,0.18,789.31,2720.52,1.0
17-10-27_22:33:20,183.0,0.0,4000.0,25.115,0.5,789.31,2720.52,1.0
17-10-27_22:33:20,183.0,0.0,4000.0,25.115,0.5,789.31,2720.52,1.0
17-10-27_22:33:20,183.0,0.0,4000.0,25.115,0.5,789.31,2720.52,1.0
17-10-27_22:33:20,183.0,0.0,4000.0,25.115,0.5,789.31,2720.52,1.0
17-10-27_22:33:20,183.0,0.0,4000.0,25.115,0.18,789.31,2720.52,1.0
17-10-27_22:33:20,183.0,0.0,4000.0,25.115,0.18,789.31,2720.52,1.0
17-10-27_22:33:20,183.0,0.0,4000.0,25.115,0.18,789.31,2720.52,1.0
17-10-27_22:33:20,183.0,0.0,4000.0,25.115,0.18,789.31,2720.52,1.0
17-10-27_22:33:20,183.0,0.0,4000.0,23.3,0.5,789.31,2720.52,1.0
17-10-27_22:33:20,183.0,0.0,4000.0,23.3,0.5,789.31,2720.52,1.0
17-10-27_22:33:20,183.0,0.0,4000.0,23.3,0.5,789.31,2720.52,1.0
17-10-27_22:33:20,183.0,0.0,4000.0,23.3,0.5,789.31,2720.52,1.0
17-10-27_22:33:20,183.0,0.0,4000.0,23.3,0.18,789.31,2720.52,1.0
17-10-27_22:33:20,183.0,0.0,4000.0,23.3,0.18,789.31,2720.52,1.0
17-10-27_22:33:20,183.0,0.0,4000.0,23.3,0.18,789.31,2720.52,1.0
17-10-27_22:33:20,183.0,0.0,4000.0,23.3,0.18,789.31,2720.52,1.0
17-10-27_22:33:20,183.0,0.0,4000.0,25.115,0.5,789.31,2720.52,1.0
17-10-27_22:33:20,183.0,0.0,4000.0,25.115,0.5,789.31,2720.52,1.0
17-10-27_22:33:20,183.0,0.0,4000.0,25.115,0.5,789.31,2720.52,1.0
17-10-27_22:33:20,183.0,0.0,4000.0,25.115,0.5,789.31,2720.52,1.0
17-10-27_22:33:20,183.0,0.0,4000.0,25.115,0.18,789.31,2720.52,1.0
17-10-27_22:33:20,183.0,0.0,4000.0,25.115,0.18,789.31,2720.52,1.0
17-10-27_22:33:20,183.0,0.0,4000.0,25.115,0.18,789.31,2720.52,1.0
17-10-27_22:33:20,183.0,0.0,4000.0,25.115,0.18,789.31,2720.52,1.0
17-10-27_22:33:20,183.0,0.0,909.1,23.3,0.5,789.31,2720.52,1.0
17-10-27_22:33:20,183.0,0.0,909.1,23.3,0.5,789.31,2720.52,1.0
17-10-27_22:33:20,183.0,0.0,909.1,23.3,0.5,789.31,2720.52,1.0
17-10-27_22:33:20,183.0,0.0,909.1,23.3,0.5,789.31,2720.52,1.0
17-10-27_22:33:20,183.0,0.0,909.1,23.3,0.18,789.31,2720.52,1.0
17-10-27_22:33:20,183.0,0.0,909.1,23.3,0.18,789.31,2720.52,1.0
17-10-27_22:33:20,183.0,0.0,909.1,23.3,0.18,789.31,2720.52,1.0
17-10-27_22:33:20,183.0,0.0,909.1,23.3,0.18,789.31,2720.52,1.0
17-10-27_22:33:20,183.0,0.0,909.1,25.115,0.5,789.31,2720.52,1.0
17-10-27_22:33:20,183.0,0.0,909.1,25.115,0.5,789.31,2720.52,1.0
17-10-27_22:33:20,183.0,0.0,909.1,25.115,0.5,789.31,2720.52,1.0
17-10-27_22:33:20,183.0,0.0,909.1,25.115,0.5,789.31,2720.52,1.0
17-10-27_22:33:20,183.0,0.0,909.1,25.115,0.18,789.31,2720.52,1.0
17-10-27_22:33:20,183.0,0.0,909.1,25.115,0.18,789.31,2720.52,1.0
17-10-27_22:33:20,183.0,0.0,909.1,25.115,0.18,789.31,2720.52,1.0
17-10-27_22:33:20,183.0,0.0,909.1,25.115,0.18,789.31,2720.52,1.0
17-10-27_22:33:20,183.0,0.0,164.4,23.3,0.5,789.31,2720.52,1.0
17-10-27_22:33:20,183.0,0.0,164.4,23.3,0.5,789.31,2720.52,1.0
17-10-27_22:33:20,183.0,0.0,164.4,23.3,0.5,789.31,2720.52,1.0
17-10-27_22:33:20,183.0,0.0,164.4,23.3,0.5,789.31,2720.52,1.0
17-10-27_22:33:20,183.0,0.0,164.4,23.3,0.18,789.31,2720.52,1.0
17-10-27_22:33:20,183.0,0.0,164.4,23.3,0.18,789.31,2720.52,1.0
17-10-27_22:33:20,183.0,0.0,164.4,23.3,0.18,789.31,2720.52,1.0
17-10-27_22:33:20,183.0,0.0,164.4,23.3,0.18,789.31,2720.52,1.0
17-10-27_22:33:20,183.0,0.0,164.4,25.115,0.5,789.31,2720.52,1.0
17-10-27_22:33:20,183.0,0.0,164.4,25.115,0.5,789.31,2720.52,1.0
17-10-27_22:33:20,183.0,0.0,164.4,25.115,0.5,789.31,2720.52,1.0
17-10-27_22:33:20,183.0,0.0,164.4,25.115,0.5,789.31,2720.52,1.0
17-10-27_22:33:20,183.0,0.0,164.4,25.115,0.18,789.31,2720.52,1.0
17-10-27_22:33:20,183.0,0.0,164.4,25.115,0.18,789.31,2720.52,1.0
17-10-27_22:33:20,183.0,0.0,164.4,25.115,0.18,789.31,2720.52,1.0
17-10-27_22:33:20,183.0,0.0,164.4,25.115,0.18,789.31,2720.52,1.0
17-10-27_22:33:20,183.0,0.0,3.3,23.3,0.5,789.31,2720.52,1.0
17-10-27_22:33:20,183.0,0.0,3.3,23.3,0.5,789.31,2720.52,1.0
17-10-27_22:33:20,183.0,0.0,3.3,23.3,0.5,789.31,2720.52,1.0
17-10-27_22:33:20,183.0,0.0,3.3,23.3,0.5,789.31,2720.52,1.0
17-10-27_22:33:20,183.0,0.0,3.3,23.3,0.18,789.31,2720.52,1.0
17-10-27_22:33:20,183.0,0.0,3.3,23.3,0.18,789.31,2720.52,1.0
17-10-27_22:33:20,183.0,0.0,3.3,23.3,0.18,789.31,2720.52,1.0
17-10-27_22:33:20,183.0,0.0,3.3,23.3,0.18,789.31,2720.52,1.0
17-10-27_22:33:20,183.0,0.0,3.3,25.115,0.5,789.31,2720.52,1.0
17-10-27_22:33:20,183.0,0.0,3.3,25.115,0.5,789.31,2720.52,1.0
17-10-27_22:33:20,183.0,0.0,3.3,25.115,0.5,789.31,2720.52,1.0
17-10-27_22:33:20,183.0,0.0,3.3,25.115,0.5,789.31,2720.52,1.0
17-10-27_22:33:20,183.0,0.0,3.3,25.115,0.18,789.31,2720.52,1.0
17-10-27_22:33:20,183.0,0.0,3.3,25.115,0.18,789.31,2720.52,1.0
17-10-27_22:33:20,183.0,0.0,3.3,25.115,0.18,789.31,2720.52,1.0
17-10-27_22:33:20,183.0,0.0,3.3,25.115,0.18,789.31,2720.52,1.0
17-10-27_22:33:20,183.0,0.0,3.3,23.3,0.5,789.31,2720.52,1.0
17-10-27_22:33:20,183.0,0.0,3.3,23.3,0.5,789.31,2720.52,1.0
17-10-27_22:33:20,183.0,0.0,3.3,23.3,0.5,789.31,2720.52,1.0
17-10-27_22:33:20,183.0,0.0,3.3,23.3,0.5,789.31,2720.52,1.0
17-10-27_22:33:20,183.0,0.0,3.3,23.3,0.18,789.31,2720.52,1.0
17-10-27_22:33:20,183.0,0.0,3.3,23.3,0.18,789.31,2720.52,1.0
17-10-27_22:33:20,183.0,0.0,3.3,23.3,0.18,789.31,2720.52,1.0
17-10-27_22:33:20,183.0,0.0,3.3,23.3,0.18,789.31,2720.52,1.0
17-10-27_22:33:20,183.0,0.0,3.3,25.115,0.5,789.31,2720.52,1.0
17-10-27_22:33:20,183.0,0.0,3.3,25.115,0.5,789.31,2720.52,1.0
17-10-27_22:33:20,183.0,0.0,3.3,25.115,0.5,789.31,2720.52,1.0
17-10-27_22:33:20,183.0,0.0,3.3,25.115,0.5,789.31,2720.52,1.0
17-10-27_22:33:20,183.0,0.0,3.3,25.115,0.18,789.31,2720.52,1.0
17-10-27_22:33:20,183.0,0.0,3.3,25.115,0.18,789.31,2720.52,1.0
17-10-27_22:33:20,183.0,0.0,3.3,25.115,0.18,789.31,2720.52,1.0
17-10-27_22:33:20,183.0,0.0,3.3,25.115,0.18,789.31,2720.52,1.0
17-10-27_22:33:20,183.0,0.0,3.3,23.3,0.5,789.31,2720.52,1.0
17-10-27_22:33:20,183.0,0.0,3.3,23.3,0.5,789.31,2720.52,1.0
17-10-27_22:33:20,183.0,0.0,3.3,23.3,0.5,789.31,2720.52,1.0
17-10-27_22:33:20,183.0,0.0,3.3,23.3,0.5,789.31,2720.52,1.0
17-10-27_22:33:20,183.0,0.0,3.3,23.3,0.18,789.31,2720.52,1.0
17-10-27_22:33:20,183.0,0.0,3.3,23.3,0.18,789.31,2720.52,1.0
17-10-27_22:33:20,183.0,0.0,3.3,23.3,0.18,789.31,2720.52,1.0
17-10-27_22:33:20,183.0,0.0,3.3,23.3,0.18,789.31,2720.52,1.0
17-10-27_22:33:20,183.0,0.0,3.3,25.115,0.5,789.31,2720.52,1.0
17-10-27_22:33:20,183.0,0.0,3.3,25.115,0.5,789.31,2720.52,1.0
17-10-27_22:33:20,183.0,0.0,3.3,25.115,0.5,789.31,2720.52,1.0
17-10-27_22:33:20,183.0,0.0,3.3,25.115,0.5,789.31,2720.52,1.0
17-10-27_22:33:20,183.0,0.0,3.3,25.115,0.18,789.31,2720.52,1.0
17-10-27_22:33:20,183.0,0.0,3.3,25.115,0.18,789.31,2720.52,1.0
17-10-27_22:33:20,183.0,0.0,3.3,25.115,0.18,789.31,2720.52,1.0
17-10-27_22:33:20,183.0,0.0,3.3,25.115,0.18,789.31,2720.52,1.0
17-10-27_22:33:20,183.0,0.0,3000.0,23.3,0.5,789.31,2720.52,1.0
17-10-27_22:33:20,183.0,0.0,3000.0,23.3,0.5,789.31,2720.52,1.0
17-10-27_22:33:20,183.0,0.0,3000.0,23.3,0.5,789.31,2720.52,1.0
17-10-27_22:33:20,183.0,0.0,3000.0,23.3,0.5,789.31,2720.52,1.0
17-10-27_22:33:20,183.0,0.0,3000.0,23.3,0.18,789.31,2720.52,1.0
17-10-27_22:33:20,183.0,0.0,3000.0,23.3,0.18,789.31,2720.52,1.0
17-10-27_22:33:20,183.0,0.0,3000.0,23.3,0.18,789.31,2720.52,1.0
17-10-27_22:33:20,183.0,0.0,3000.0,23.3,0.18,789.31,2720.52,1.0
17-10-27_22:33:20,183.0,0.0,3000.0,25.115,0.5,789.31,2720.52,1.0
17-10-27_22:33:20,183.0,0.0,3000.0,25.115,0.5,789.31,2720.52,1.0
17-10-27_22:33:20,183.0,0.0,3000.0,25.115,0.5,789.31,2720.52,1.0
17-10-27_22:33:20,183.0,0.0,3000.0,25.115,0.5,789.31,2720.52,1.0
17-10-27_22:33:20,183.0,0.0,3000.0,25.115,0.18,789.31,2720.52,1.0
17-10-27_22:33:20,183.0,0.0,3000.0,25.115,0.18,789.31,2720.52,1.0
17-10-27_22:33:20,183.0,0.0,3000.0,25.115,0.18,789.31,2720.52,1.0
17-10-27_22:33:20,183.0,0.0,3000.0,25.115,0.18,789.31,2720.52,1.0
17-10-27_22:33:20,183.0,0.0,3000.0,23.3,0.5,789.31,2720.52,1.0
17-10-27_22:33:20,183.0,0.0,3000.0,23.3,0.5,789.31,2720.52,1.0
17-10-27_22:33:20,183.0,0.0,3000.0,23.3,0.5,789.31,2720.52,1.0
17-10-27_22:33:20,183.0,0.0,3000.0,23.3,0.5,789.31,2720.52,1.0
17-10-27_22:33:20,183.0,0.0,3000.0,23.3,0.18,789.31,2720.52,1.0
17-10-27_22:33:20,183.0,0.0,3000.0,23.3,0.18,789.31,2720.52,1.0
17-10-27_22:33:20,183.0,0.0,3000.0,23.3,0.18,789.31,2720.52,1.0
17-10-27_22:33:20,183.0,0.0,3000.0,23.3,0.18,789.31,2720.52,1.0
17-10-27_22:33:20,183.0,0.0,3000.0,25.115,0.5,789.31,2720.52,1.0
17-10-27_22:33:20,183.0,0.0,3000.0,25.115,0.5,789.31,2720.52,1.0
17-10-27_22:33:20,183.0,0.0,3000.0,25.115,0.5,789.31,2720.52,1.0
17-10-27_22:33:20,183.0,0.0,3000.0,25.115,0.5,789.31,2720.52,1.0
17-10-27_22:33:20,183.0,0.0,3000.0,25.115,0.18,789.31,2720.52,1.0
17-10-27_22:33:20,183.0,0.0,3000.0,25.115,0.18,789.31,2720.52,1.0
17-10-27_22:33:20,183.0,0.0,3000.0,25.115,0.18,789.31,2720.52,1.0
17-10-27_22:33:20,183.0,0.0,3000.0,25.115,0.18,789.31,2720.52,1.0
17-10-27_22:33:20,183.0,0.0,3.4,23.3,0.5,789.31,2720.52,1.0
17-10-27_22:33:20,183.0,0.0,3.4,23.3,0.5,789.31,2720.52,1.0
17-10-27_22:33:20,183.0,0.0,3.4,23.3,0.5,789.31,2720.52,1.0
17-10-27_22:33:20,183.0,0.0,3.4,23.3,0.5,789.31,2720.52,1.0
17-10-27_22:33:20,183.0,0.0,3.4,23.3,0.18,789.31,2720.52,1.0
17-10-27_22:33:20,183.0,0.0,3.4,23.3,0.18,789.31,2720.52,1.0
17-10-27_22:33:20,183.0,0.0,3.4,23.3,0.18,789.31,2720.52,1.0
17-10-27_22:33:20,183.0,0.0,3.4,23.3,0.18,789.31,2720.52,1.0
17-10-27_22:33:20,183.0,0.0,3.4,25.115,0.5,789.31,2720.52,1.0
17-10-27_22:33:20,183.0,0.0,3.4,25.115,0.5,789.31,2720.52,1.0
17-10-27_22:33:20,183.0,0.0,3.4,25.115,0.5,789.31,2720.52,1.0
17-10-27_22:33:20,183.0,0.0,3.4,25.115,0.5,789.31,2720.52,1.0
17-10-27_22:33:20,183.0,0.0,3.4,25.115,0.18,789.31,2720.52,1.0
17-10-27_22:33:20,183.0,0.0,3.4,25.115,0.18,789.31,2720.52,1.0
17-10-27_22:33:20,183.0,0.0,3.4,25.115,0.18,789.31,2720.52,1.0
17-10-27_22:33:20,183.0,0.0,3.4,25.115,0.18,789.31,2720.52,1.0
17-10-27_22:33:20,183.0,0.0,3.4,23.3,0.5,789.31,2720.52,1.0
17-10-27_22:33:20,183.0,0.0,3.4,23.3,0.5,789.31,2720.52,1.0
17-10-27_22:33:20,183.0,0.0,3.4,23.3,0.5,789.31,2720.52,1.0
17-10-27_22:33:20,183.0,0.0,3.4,23.3,0.5,789.31,2720.52,1.0
17-10-27_22:33:20,183.0,0.0,3.4,23.3,0.18,789.31,2720.52,1.0
17-10-27_22:33:20,183.0,0.0,3.4,23.3,0.18,789.31,2720.52,1.0
17-10-27_22:33:20,183.0,0.0,3.4,23.3,0.18,789.31,2720.52,1.0
17-10-27_22:33:20,183.0,0.0,3.4,23.3,0.18,789.31,2720.52,1.0
17-10-27_22:33:20,183.0,0.0,3.4,25.115,0.5,789.31,2720.52,1.0
17-10-27_22:33:20,183.0,0.0,3.4,25.115,0.5,789.31,2720.52,1.0
17-10-27_22:33:20,183.0,0.0,3.4,25.115,0.5,789.31,2720.52,1.0
17-10-27_22:33:20,183.0,0.0,3.4,25.115,0.5,789.31,2720.52,1.0
17-10-27_22:33:20,183.0,0.0,3.4,25.115,0.18,789.31,2720.52,1.0
17-10-27_22:33:20,183.0,0.0,3.4,25.115,0.18,789.31,2720.52,1.0
17-10-27_22:33:20,183.0,0.0,3.4,25.115,0.18,789.31,2720.52,1.0
17-10-27_22:33:20,183.0,0.0,3.4,25.115,0.18,789.31,2720.52,1.0
17-10-27_22:33:20,183.0,0.0,100400.0,23.3,0.5,789.31,2720.52,1.0
17-10-27_22:33:20,183.0,0.0,100400.0,23.3,0.5,789.31,2720.52,1.0
17-10-27_22:33:20,183.0,0.0,100400.0,23.3,0.5,789.31,2720.52,1.0
17-10-27_22:33:20,183.0,0.0,100400.0,23.3,0.5,789.31,2720.52,1.0
17-10-27_22:33:20,183.0,0.0,100400.0,23.3,0.18,789.31,2720.52,1.0
17-10-27_22:33:20,183.0,0.0,100400.0,23.3,0.18,789.31,2720.52,1.0
17-10-27_22:33:20,183.0,0.0,100400.0,23.3,0.18,789.31,2720.52,1.0
17-10-27_22:33:20,183.0,0.0,100400.0,23.3,0.18,789.31,2720.52,1.0
17-10-27_22:33:20,183.0,0.0,100400.0,25.115,0.5,789.31,2720.52,1.0
17-10-27_22:33:20,183.0,0.0,100400.0,25.115,0.5,789.31,2720.52,1.0
17-10-27_22:33:20,183.0,0.0,100400.0,25.115,0.5,789.31,2720.52,1.0
17-10-27_22:33:20,183.0,0.0,100400.0,25.115,0.5,789.31,2720.52,1.0
17-10-27_22:33:20,183.0,0.0,100400.0,25.115,0.18,789.31,2720.52,1.0
17-10-27_22:33:20,183.0,0.0,100400.0,25.115,0.18,789.31,2720.52,1.0
17-10-27_22:33:20,183.0,0.0,100400.0,25.115,0.18,789.31,2720.52,1.0
17-10-27_22:33:20,183.0,0.0,100400.0,25.115,0.18,789.31,2720.52,1.0
17-10-27_22:33:20,183.0,0.0,4000.0,23.3,0.5,789.31,2720.52,1.0
17-10-27_22:33:20,183.0,0.0,4000.0,23.3,0.5,789.31,2720.52,1.0
17-10-27_22:33:20,183.0,0.0,4000.0,23.3,0.5,789.31,2720.52,1.0
17-10-27_22:33:20,183.0,0.0,4000.0,23.3,0.5,789.31,2720.52,1.0
17-10-27_22:33:20,183.0,0.0,4000.0,23.3,0.18,789.31,2720.52,1.0
17-10-27_22:33:20,183.0,0.0,4000.0,23.3,0.18,789.31,2720.52,1.0
17-10-27_22:33:20,183.0,0.0,4000.0,23.3,0.18,789.31,2720.52,1.0
17-10-27_22:33:20,183.0,0.0,4000.0,23.3,0.18,789.31,2720.52,1.0
17-10-27_22:33:20,183.0,0.0,4000.0,25.115,0.5,789.31,2720.52,1.0
17-10-27_22:33:20,183.0,0.0,4000.0,25.115,0.5,789.31,2720.52,1.0
17-10-27_22:33:20,183.0,0.0,4000.0,25.115,0.5,789.31,2720.52,1.0
17-10-27_22:33:20,183.0,0.0,4000.0,25.115,0.5,789.31,2720.52,1.0
17-10-27_22:33:20,183.0,0.0,4000.0,25.115,0.18,789.31,2720.52,1.0
17-10-27_22:33:20,183.0,0.0,4000.0,25.115,0.18,789.31,2720.52,1.0
17-10-27_22:33:20,183.0,0.0,4000.0,25.115,0.18,789.31,2720.52,1.0
17-10-27_22:33:20,183.0,0.0,4000.0,25.115,0.18,789.31,2720.52,1.0
17-10-27_22:33:20,183.0,0.0,4000.0,23.3,0.5,789.31,2720.52,1.0
17-10-27_22:33:20,183.0,0.0,4000.0,23.3,0.5,789.31,2720.52,1.0
17-10-27_22:33:20,183.0,0.0,4000.0,23.3,0.5,789.31,2720.52,1.0
17-10-27_22:33:20,183.0,0.0,4000.0,23.3,0.5,789.31,2720.52,1.0
17-10-27_22:33:20,183.0,0.0,4000.0,23.3,0.18,789.31,2720.52,1.0
17-10-27_22:33:20,183.0,0.0,4000.0,23.3,0.18,789.31,2720.52,1.0
17-10-27_22:33:20,183.0,0.0,4000.0,23.3,0.18,789.31,2720.52,1.0
17-10-27_22:33:20,183.0,0.0,4000.0,23.3,0.18,789.31,2720.52,1.0
17-10-27_22:33:20,183.0,0.0,4000.0,25.115,0.5,789.31,2720.52,1.0
17-10-27_22:33:20,183.0,0.0,4000.0,25.115,0.5,789.31,2720.52,1.0
17-10-27_22:33:20,183.0,0.0,4000.0,25.115,0.5,789.31,2720.52,1.0
17-10-27_22:33:20,183.0,0.0,4000.0,25.115,0.5,789.31,2720.52,1.0
17-10-27_22:33:20,183.0,0.0,4000.0,25.115,0.18,789.31,2720.52,1.0
17-10-27_22:33:20,183.0,0.0,4000.0,25.115,0.18,789.31,2720.52,1.0
17-10-27_22:33:20,183.0,0.0,4000.0,25.115,0.18,789.31,2720.52,1.0
17-10-27_22:33:20,183.0,0.0,4000.0,25.115,0.18,789.31,2720.52,1.0
17-10-27_22:33:20,183.0,0.0,909.1,23.3,0.5,789.31,2720.52,1.0
17-10-27_22:33:20,183.0,0.0,909.1,23.3,0.5,789.31,2720.52,1.0
17-10-27_22:33:20,183.0,0.0,909.1,23.3,0.5,789.31,2720.52,1.0
17-10-27_22:33:20,183.0,0.0,909.1,23.3,0.5,789.31,2720.52,1.0
17-10-27_22:33:20,183.0,0.0,909.1,23.3,0.18,789.31,2720.52,1.0
17-10-27_22:33:20,183.0,0.0,909.1,23.3,0.18,789.31,2720.52,1.0
17-10-27_22:33:20,183.0,0.0,909.1,23.3,0.18,789.31,2720.52,1.0
17-10-27_22:33:20,183.0,0.0,909.1,23.3,0.18,789.31,2720.52,1.0
17-10-27_22:33:20,183.0,0.0,909.1,25.115,0.5,789.31,2720.52,1.0
17-10-27_22:33:20,183.0,0.0,909.1,25.115,0.5,789.31,2720.52,1.0
17-10-27_22:33:20,183.0,0.0,909.1,25.115,0.5,789.31,2720.52,1.0
17-10-27_22:33:20,183.0,0.0,909.1,25.115,0.5,789.31,2720.52,1.0
17-10-27_22:33:20,183.0,0.0,909.1,25.115,0.18,789.31,2720.52,1.0
17-10-27_22:33:20,183.0,0.0,909.1,25.115,0.18,789.31,2720.52,1.0
17-10-27_22:33:20,183.0,0.0,909.1,25.115,0.18,789.31,2720.52,1.0
17-10-27_22:33:20,183.0,0.0,909.1,25.115,0.18,789.31,2720.52,1.0
17-10-27_22:33:20,183.0,0.0,4000.0,23.3,0.5,789.31,2720.52,1.0
17-10-27_22:33:20,183.0,0.0,4000.0,23.3,0.5,789.31,2720.52,1.0
17-10-27_22:33:20,183.0,0.0,4000.0,23.3,0.5,789.31,2720.52,1.0
17-10-27_22:33:20,183.0,0.0,4000.0,23.3,0.5,789.31,2720.52,1.0
17-10-27_22:33:20,183.0,0.0,4000.0,23.3,0.18,789.31,2720.52,1.0
17-10-27_22:33:20,183.0,0.0,4000.0,23.3,0.18,789.31,2720.52,1.0
17-10-27_22:33:20,183.0,0.0,4000.0,23.3,0.18,789.31,2720.52,1.0
17-10-27_22:33:20,183.0,0.0,4000.0,23.3,0.18,789.31,2720.52,1.0
17-10-27_22:33:20,183.0,0.0,4000.0,25.115,0.5,789.31,2720.52,1.0
17-10-27_22:33:20,183.0,0.0,4000.0,25.115,0.5,789.31,2720.52,1.0
17-10-27_22:33:20,183.0,0.0,4000.0,25.115,0.5,789.31,2720.52,1.0
17-10-27_22:33:20,183.0,0.0,4000.0,25.115,0.5,789.31,2720.52,1.0
17-10-27_22:33:20,183.0,0.0,4000.0,25.115,0.18,789.31,2720.52,1.0
17-10-27_22:33:20,183.0,0.0,4000.0,25.115,0.18,789.31,2720.52,1.0
17-10-27_22:33:20,183.0,0.0,4000.0,25.115,0.18,789.31,2720.52,1.0
17-10-27_22:33:20,183.0,0.0,4000.0,25.115,0.18,789.31,2720.52,1.0
17-10-27_22:33:20,183.0,0.0,4000.0,23.3,0.5,789.31,2720.52,1.0
17-10-27_22:33:20,183.0,0.0,4000.0,23.3,0.5,789.31,2720.52,1.0
17-10-27_22:33:20,183.0,0.0,4000.0,23.3,0.5,789.31,2720.52,1.0
17-10-27_22:33:20,183.0,0.0,4000.0,23.3,0.5,789.31,2720.52,1.0
17-10-27_22:33:20,183.0,0.0,4000.0,23.3,0.18,789.31,2720.52,1.0
17-10-27_22:33:20,183.0,0.0,4000.0,23.3,0.18,789.31,2720.52,1.0
17-10-27_22:33:20,183.0,0.0,4000.0,23.3,0.18,789.31,2720.52,1.0
17-10-27_22:33:20,183.0,0.0,4000.0,23.3,0.18,789.31,2720.52,1.0
17-10-27_22:33:20,183.0,0.0,4000.0,25.115,0.5,789.31,2720.52,1.0
17-10-27_22:33:20,183.0,0.0,4000.0,25.115,0.5,789.31,2720.52,1.0
17-10-27_22:33:20,183.0,0.0,4000.0,25.115,0.5,789.31,2720.52,1.0
17-10-27_22:33:20,183.0,0.0,4000.0,25.115,0.5,789.31,2720.52,1.0
17-10-27_22:33:20,183.0,0.0,4000.0,25.115,0.18,789.31,2720.52,1.0
17-10-27_22:33:20,183.0,0.0,4000.0,25.115,0.18,789.31,2720.52,1.0
17-10-27_22:33:20,183.0,0.0,4000.0,25.115,0.18,789.31,2720.52,1.0
17-10-27_22:33:20,183.0,0.0,4000.0,25.115,0.18,789.31,2720.52,1.0
17-10-27_22:33:20,183.0,0.0,4000.0,23.3,0.5,789.31,2720.52,1.0
17-10-27_22:33:20,183.0,0.0,4000.0,23.3,0.5,789.31,2720.52,1.0
17-10-27_22:33:20,183.0,0.0,4000.0,23.3,0.5,789.31,2720.52,1.0
17-10-27_22:33:20,183.0,0.0,4000.0,23.3,0.5,789.31,2720.52,1.0
17-10-27_22:33:20,183.0,0.0,4000.0,23.3,0.18,789.31,2720.52,1.0
17-10-27_22:33:20,183.0,0.0,4000.0,23.3,0.18,789.31,2720.52,1.0
17-10-27_22:33:20,183.0,0.0,4000.0,23.3,0.18,789.31,2720.52,1.0
17-10-27_22:33:20,183.0,0.0,4000.0,23.3,0.18,789.31,2720.52,1.0
17-10-27_22:33:20,183.0,0.0,4000.0,25.115,0.5,789.31,2720.52,1.0
17-10-27_22:33:20,183.0,0.0,4000.0,25.115,0.5,789.31,2720.52,1.0
17-10-27_22:33:20,183.0,0.0,4000.0,25.115,0.5,789.31,2720.52,1.0
17-10-27_22:33:20,183.0,0.0,4000.0,25.115,0.5,789.31,2720.52,1.0
17-10-27_22:33:20,183.0,0.0,4000.0,25.115,0.18,789.31,2720.52,1.0
17-10-27_22:33:20,183.0,0.0,4000.0,25.115,0.18,789.31,2720.52,1.0
17-10-27_22:33:20,183.0,0.0,4000.0,25.115,0.18,789.31,2720.52,1.0
17-10-27_22:33:20,183.0,0.0,4000.0,25.115,0.18,789.31,2720.52,1.0
17-10-27_22:33:20,183.0,0.0,4000.0,23.3,0.5,789.31,2720.52,1.0
17-10-27_22:33:20,183.0,0.0,4000.0,23.3,0.5,789.31,2720.52,1.0
17-10-27_22:33:20,183.0,0.0,4000.0,23.3,0.5,789.31,2720.52,1.0
17-10-27_22:33:20,183.0,0.0,4000.0,23.3,0.5,789.31,2720.52,1.0
17-10-27_22:33:20,183.0,0.0,4000.0,23.3,0.18,789.31,2720.52,1.0
17-10-27_22:33:20,183.0,0.0,4000.0,23.3,0.18,789.31,2720.52,1.0
17-10-27_22:33:20,183.0,0.0,4000.0,23.3,0.18,789.31,2720.52,1.0
17-10-27_22:33:20,183.0,0.0,4000.0,23.3,0.18,789.31,2720.52,1.0
17-10-27_22:33:20,183.0,0.0,4000.0,25.115,0.5,789.31,2720.52,1.0
17-10-27_22:33:20,183.0,0.0,4000.0,25.115,0.5,789.31,2720.52,1.0
17-10-27_22:33:20,183.0,0.0,4000.0,25.115,0.5,789.31,2720.52,1.0
17-10-27_22:33:20,183.0,0.0,4000.0,25.115,0.5,789.31,2720.52,1.0
17-10-27_22:33:20,183.0,0.0,4000.0,25.115,0.18,789.31,2720.52,1.0
17-10-27_22:33:20,183.0,0.0,4000.0,25.115,0.18,789.31,2720.52,1.0
17-10-27_22:33:20,183.0,0.0,4000.0,25.115,0.18,789.31,2720.52,1.0
17-10-27_22:33:20,183.0,0.0,4000.0,25.115,0.18,789.31,2720.52,1.0
17-10-27_22:33:20,183.0,0.0,4000.0,23.3,0.5,789.31,2720.52,1.0
17-10-27_22:33:20,183.0,0.0,4000.0,23.3,0.5,789.31,2720.52,1.0
17-10-27_22:33:20,183.0,0.0,4000.0,23.3,0.5,789.31,2720.52,1.0
17-10-27_22:33:20,183.0,0.0,4000.0,23.3,0.5,789.31,2720.52,1.0
17-10-27_22:33:20,183.0,0.0,4000.0,23.3,0.18,789.31,2720.52,1.0
17-10-27_22:33:20,183.0,0.0,4000.0,23.3,0.18,789.31,2720.52,1.0
17-10-27_22:33:20,183.0,0.0,4000.0,23.3,0.18,789.31,2720.52,1.0
17-10-27_22:33:20,183.0,0.0,4000.0,23.3,0.18,789.31,2720.52,1.0
17-10-27_22:33:20,183.0,0.0,4000.0,25.115,0.5,789.31,2720.52,1.0
17-10-27_22:33:20,183.0,0.0,4000.0,25.115,0.5,789.31,2720.52,1.0
17-10-27_22:33:20,183.0,0.0,4000.0,25.115,0.5,789.31,2720.52,1.0
17-10-27_22:33:20,183.0,0.0,4000.0,25.115,0.5,789.31,2720.52,1.0
17-10-27_22:33:20,183.0,0.0,4000.0,25.115,0.18,789.31,2720.52,1.0
17-10-27_22:33:20,183.0,0.0,4000.0,25.115,0.18,789.31,2720.52,1.0
17-10-27_22:33:20,183.0,0.0,4000.0,25.115,0.18,789.31,2720.52,1.0
17-10-27_22:33:20,183.0,0.0,4000.0,25.115,0.18,789.31,2720.52,1.0
17-10-27_22:33:20,183.0,0.0,4000.0,23.3,0.5,789.31,2720.52,1.0
17-10-27_22:33:20,183.0,0.0,4000.0,23.3,0.5,789.31,2720.52,1.0
17-10-27_22:33:20,183.0,0.0,4000.0,23.3,0.5,789.31,2720.52,1.0
17-10-27_22:33:20,183.0,0.0,4000.0,23.3,0.5,789.31,2720.52,1.0
17-10-27_22:33:20,183.0,0.0,4000.0,23.3,0.18,789.31,2720.52,1.0
17-10-27_22:33:20,183.0,0.0,4000.0,23.3,0.18,789.31,2720.52,1.0
17-10-27_22:33:20,183.0,0.0,4000.0,23.3,0.18,789.31,2720.52,1.0
17-10-27_22:33:20,183.0,0.0,4000.0,23.3,0.18,789.31,2720.52,1.0
17-10-27_22:33:20,183.0,0.0,4000.0,25.115,0.5,789.31,2720.52,1.0
17-10-27_22:33:20,183.0,0.0,4000.0,25.115,0.5,789.31,2720.52,1.0
17-10-27_22:33:20,183.0,0.0,4000.0,25.115,0.5,789.31,2720.52,1.0
17-10-27_22:33:20,183.0,0.0,4000.0,25.115,0.5,789.31,2720.52,1.0
17-10-27_22:33:20,183.0,0.0,4000.0,25.115,0.18,789.31,2720.52,1.0
17-10-27_22:33:20,183.0,0.0,4000.0,25.115,0.18,789.31,2720.52,1.0
17-10-27_22:33:20,183.0,0.0,4000.0,25.115,0.18,789.31,2720.52,1.0
17-10-27_22:33:20,183.0,0.0,4000.0,25.115,0.18,789.31,2720.52,1.0
17-10-27_22:33:20,183.0,0.0,164.4,23.3,0.5,789.31,2720.52,1.0
17-10-27_22:33:20,183.0,0.0,164.4,23.3,0.5,789.31,2720.52,1.0
17-10-27_22:33:20,183.0,0.0,164.4,23.3,0.5,789.31,2720.52,1.0
17-10-27_22:33:20,183.0,0.0,164.4,23.3,0.5,789.31,2720.52,1.0
17-10-27_22:33:20,183.0,0.0,164.4,23.3,0.18,789.31,2720.52,1.0
17-10-27_22:33:20,183.0,0.0,164.4,23.3,0.18,789.31,2720.52,1.0
17-10-27_22:33:20,183.0,0.0,164.4,23.3,0.18,789.31,2720.52,1.0
17-10-27_22:33:20,183.0,0.0,164.4,23.3,0.18,789.31,2720.52,1.0
17-10-27_22:33:20,183.0,0.0,164.4,25.115,0.5,789.31,2720.52,1.0
17-10-27_22:33:20,183.0,0.0,164.4,25.115,0.5,789.31,2720.52,1.0
17-10-27_22:33:20,183.0,0.0,164.4,25.115,0.5,789.31,2720.52,1.0
17-10-27_22:33:20,183.0,0.0,164.4,25.115,0.5,789.31,2720.52,1.0
17-10-27_22:33:20,183.0,0.0,164.4,25.115,0.18,789.31,2720.52,1.0
17-10-27_22:33:20,183.0,0.0,164.4,25.115,0.18,789.31,2720.52,1.0
17-10-27_22:33:20,183.0,0.0,164.4,25.115,0.18,789.31,2720.52,1.0
17-10-27_22:33:20,183.0,0.0,164.4,25.115,0.18,789.31,2720.52,1.0
17-10-27_22:33:20,183.0,0.0,1355.9,23.3,0.5,789.31,2720.52,1.0
17-10-27_22:33:20,183.0,0.0,1355.9,23.3,0.5,789.31,2720.52,1.0
17-10-27_22:33:20,183.0,0.0,1355.9,23.3,0.5,789.31,2720.52,1.0
17-10-27_22:33:20,183.0,0.0,1355.9,23.3,0.5,789.31,2720.52,1.0
17-10-27_22:33:20,183.0,0.0,1355.9,23.3,0.18,789.31,2720.52,1.0
17-10-27_22:33:20,183.0,0.0,1355.9,23.3,0.18,789.31,2720.52,1.0
17-10-27_22:33:20,183.0,0.0,1355.9,23.3,0.18,789.31,2720.52,1.0
17-10-27_22:33:20,183.0,0.0,1355.9,23.3,0.18,789.31,2720.52,1.0
17-10-27_22:33:20,183.0,0.0,1355.9,25.115,0.5,789.31,2720.52,1.0
17-10-27_22:33:20,183.0,0.0,1355.9,25.115,0.5,789.31,2720.52,1.0
17-10-27_22:33:20,183.0,0.0,1355.9,25.115,0.5,789.31,2720.52,1.0
17-10-27_22:33:20,183.0,0.0,1355.9,25.115,0.5,789.31,2720.52,1.0
17-10-27_22:33:20,183.0,0.0,1355.9,25.115,0.18,789.31,2720.52,1.0
17-10-27_22:33:20,183.0,0.0,1355.9,25.115,0.18,789.31,2720.52,1.0
17-10-27_22:33:20,183.0,0.0,1355.9,25.115,0.18,789.31,2720.52,1.0
17-10-27_22:33:20,183.0,0.0,1355.9,25.115,0.18,789.31,2720.52,1.0
17-10-27_22:33:20,183.0,0.0,4000.0,23.3,0.5,789.31,2720.52,1.0
17-10-27_22:33:20,183.0,0.0,4000.0,23.3,0.5,789.31,2720.52,1.0
17-10-27_22:33:20,183.0,0.0,4000.0,23.3,0.5,789.31,2720.52,1.0
17-10-27_22:33:20,183.0,0.0,4000.0,23.3,0.5,789.31,2720.52,1.0
17-10-27_22:33:20,183.0,0.0,4000.0,23.3,0.18,789.31,2720.52,1.0
17-10-27_22:33:20,183.0,0.0,4000.0,23.3,0.18,789.31,2720.52,1.0
17-10-27_22:33:20,183.0,0.0,4000.0,23.3,0.18,789.31,2720.52,1.0
17-10-27_22:33:20,183.0,0.0,4000.0,23.3,0.18,789.31,2720.52,1.0
17-10-27_22:33:20,183.0,0.0,4000.0,25.115,0.5,789.31,2720.52,1.0
17-10-27_22:33:20,183.0,0.0,4000.0,25.115,0.5,789.31,2720.52,1.0
17-10-27_22:33:20,183.0,0.0,4000.0,25.115,0.5,789.31,2720.52,1.0
17-10-27_22:33:20,183.0,0.0,4000.0,25.115,0.5,789.31,2720.52,1.0
17-10-27_22:33:20,183.0,0.0,4000.0,25.115,0.18,789.31,2720.52,1.0
17-10-27_22:33:20,183.0,0.0,4000.0,25.115,0.18,789.31,2720.52,1.0
17-10-27_22:33:20,183.0,0.0,4000.0,25.115,0.18,789.31,2720.52,1.0
17-10-27_22:33:20,183.0,0.0,4000.0,25.115,0.18,789.31,2720.52,1.0
17-10-27_22:33:20,183.0,0.0,4.0,23.3,0.5,789.31,2720.52,1.0
17-10-27_22:33:20,183.0,0.0,4.0,23.3,0.5,789.31,2720.52,1.0
17-10-27_22:33:20,183.0,0.0,4.0,23.3,0.5,789.31,2720.52,1.0
17-10-27_22:33:20,183.0,0.0,4.0,23.3,0.5,789.31,2720.52,1.0
17-10-27_22:33:20,183.0,0.0,4.0,23.3,0.18,789.31,2720.52,1.0
17-10-27_22:33:20,183.0,0.0,4.0,23.3,0.18,789.31,2720.52,1.0
17-10-27_22:33:20,183.0,0.0,4.0,23.3,0.18,789.31,2720.52,1.0
17-10-27_22:33:20,183.0,0.0,4.0,23.3,0.18,789.31,2720.52,1.0
17-10-27_22:33:20,183.0,0.0,4.0,25.115,0.5,789.31,2720.52,1.0
17-10-27_22:33:20,183.0,0.0,4.0,25.115,0.5,789.31,2720.52,1.0
17-10-27_22:33:20,183.0,0.0,4.0,25.115,0.5,789.31,2720.52,1.0
17-10-27_22:33:20,183.0,0.0,4.0,25.115,0.5,789.31,2720.52,1.0
17-10-27_22:33:20,183.0,0.0,4.0,25.115,0.18,789.31,2720.52,1.0
17-10-27_22:33:20,183.0,0.0,4.0,25.115,0.18,789.31,2720.52,1.0
17-10-27_22:33:20,183.0,0.0,4.0,25.115,0.18,789.31,2720.52,1.0
17-10-27_22:33:20,183.0,0.0,4.0,25.115,0.18,789.31,2720.52,1.0
17-10-27_22:33:20,183.0,0.0,2.4,23.3,0.5,789.31,2720.52,1.0
17-10-27_22:33:20,183.0,0.0,2.4,23.3,0.5,789.31,2720.52,1.0
17-10-27_22:33:20,183.0,0.0,2.4,23.3,0.5,789.31,2720.52,1.0
17-10-27_22:33:20,183.0,0.0,2.4,23.3,0.5,789.31,2720.52,1.0
17-10-27_22:33:20,183.0,0.0,2.4,23.3,0.18,789.31,2720.52,1.0
17-10-27_22:33:20,183.0,0.0,2.4,23.3,0.18,789.31,2720.52,1.0
17-10-27_22:33:20,183.0,0.0,2.4,23.3,0.18,789.31,2720.52,1.0
17-10-27_22:33:20,183.0,0.0,2.4,23.3,0.18,789.31,2720.52,1.0
17-10-27_22:33:20,183.0,0.0,2.4,25.115,0.5,789.31,2720.52,1.0
17-10-27_22:33:20,183.0,0.0,2.4,25.115,0.5,789.31,2720.52,1.0
17-10-27_22:33:20,183.0,0.0,2.4,25.115,0.5,789.31,2720.52,1.0
17-10-27_22:33:20,183.0,0.0,2.4,25.115,0.5,789.31,2720.52,1.0
17-10-27_22:33:20,183.0,0.0,2.4,25.115,0.18,789.31,2720.52,1.0
17-10-27_22:33:20,183.0,0.0,2.4,25.115,0.18,789.31,2720.52,1.0
17-10-27_22:33:20,183.0,0.0,2.4,25.115,0.18,789.31,2720.52,1.0
17-10-27_22:33:20,183.0,0.0,2.4,25.115,0.18,789.31,2720.52,1.0
17-10-27_22:33:20,183.0,0.0,2.4,23.3,0.5,789.31,2720.52,1.0
17-10-27_22:33:20,183.0,0.0,2.4,23.3,0.5,789.31,2720.52,1.0
17-10-27_22:33:20,183.0,0.0,2.4,23.3,0.5,789.31,2720.52,1.0
17-10-27_22:33:20,183.0,0.0,2.4,23.3,0.5,789.31,2720.52,1.0
17-10-27_22:33:20,183.0,0.0,2.4,23.3,0.18,789.31,2720.52,1.0
17-10-27_22:33:20,183.0,0.0,2.4,23.3,0.18,789.31,2720.52,1.0
17-10-27_22:33:20,183.0,0.0,2.4,23.3,0.18,789.31,2720.52,1.0
17-10-27_22:33:20,183.0,0.0,2.4,23.3,0.18,789.31,2720.52,1.0
17-10-27_22:33:20,183.0,0.0,2.4,25.115,0.5,789.31,2720.52,1.0
17-10-27_22:33:20,183.0,0.0,2.4,25.115,0.5,789.31,2720.52,1.0
17-10-27_22:33:20,183.0,0.0,2.4,25.115,0.5,789.31,2720.52,1.0
17-10-27_22:33:20,183.0,0.0,2.4,25.115,0.5,789.31,2720.52,1.0
17-10-27_22:33:20,183.0,0.0,2.4,25.115,0.18,789.31,2720.52,1.0
17-10-27_22:33:20,183.0,0.0,2.4,25.115,0.18,789.31,2720.52,1.0
17-10-27_22:33:20,183.0,0.0,2.4,25.115,0.18,789.31,2720.52,1.0
17-10-27_22:33:20,183.0,0.0,2.4,25.115,0.18,789.31,2720.52,1.0
17-10-27_22:33:20,183.0,0.0,70200.0,23.3,0.5,789.31,2720.52,1.0
17-10-27_22:33:20,183.0,0.0,70200.0,23.3,0.5,789.31,2720.52,1.0
17-10-27_22:33:20,183.0,0.0,70200.0,23.3,0.5,789.31,2720.52,1.0
17-10-27_22:33:20,183.0,0.0,70200.0,23.3,0.5,789.31,2720.52,1.0
17-10-27_22:33:20,183.0,0.0,70200.0,23.3,0.18,789.31,2720.52,1.0
17-10-27_22:33:20,183.0,0.0,70200.0,23.3,0.18,789.31,2720.52,1.0
17-10-27_22:33:20,183.0,0.0,70200.0,23.3,0.18,789.31,2720.52,1.0
17-10-27_22:33:20,183.0,0.0,70200.0,23.3,0.18,789.31,2720.52,1.0
17-10-27_22:33:20,183.0,0.0,70200.0,25.115,0.5,789.31,2720.52,1.0
17-10-27_22:33:20,183.0,0.0,70200.0,25.115,0.5,789.31,2720.52,1.0
17-10-27_22:33:20,183.0,0.0,70200.0,25.115,0.5,789.31,2720.52,1.0
17-10-27_22:33:20,183.0,0.0,70200.0,25.115,0.5,789.31,2720.52,1.0
17-10-27_22:33:20,183.0,0.0,70200.0,25.115,0.18,789.31,2720.52,1.0
17-10-27_22:33:20,183.0,0.0,70200.0,25.115,0.18,789.31,2720.52,1.0
17-10-27_22:33:20,183.0,0.0,70200.0,25.115,0.18,789.31,2720.52,1.0
17-10-27_22:33:20,183.0,0.0,70200.0,25.115,0.18,789.31,2720.52,1.0
17-10-27_22:33:20,183.0,0.0,3.3,23.3,0.5,789.31,2720.52,1.0
17-10-27_22:33:20,183.0,0.0,3.3,23.3,0.5,789.31,2720.52,1.0
17-10-27_22:33:20,183.0,0.0,3.3,23.3,0.5,789.31,2720.52,1.0
17-10-27_22:33:20,183.0,0.0,3.3,23.3,0.5,789.31,2720.52,1.0
17-10-27_22:33:20,183.0,0.0,3.3,23.3,0.18,789.31,2720.52,1.0
17-10-27_22:33:20,183.0,0.0,3.3,23.3,0.18,789.31,2720.52,1.0
17-10-27_22:33:20,183.0,0.0,3.3,23.3,0.18,789.31,2720.52,1.0
17-10-27_22:33:20,183.0,0.0,3.3,23.3,0.18,789.31,2720.52,1.0
17-10-27_22:33:20,183.0,0.0,3.3,25.115,0.5,789.31,2720.52,1.0
17-10-27_22:33:20,183.0,0.0,3.3,25.115,0.5,789.31,2720.52,1.0
17-10-27_22:33:20,183.0,0.0,3.3,25.115,0.5,789.31,2720.52,1.0
17-10-27_22:33:20,183.0,0.0,3.3,25.115,0.5,789.31,2720.52,1.0
17-10-27_22:33:20,183.0,0.0,3.3,25.115,0.18,789.31,2720.52,1.0
17-10-27_22:33:20,183.0,0.0,3.3,25.115,0.18,789.31,2720.52,1.0
17-10-27_22:33:20,183.0,0.0,3.3,25.115,0.18,789.31,2720.52,1.0
17-10-27_22:33:20,183.0,0.0,3.3,25.115,0.18,789.31,2720.52,1.0
17-10-27_22:33:20,183.0,0.0,3.3,23.3,0.5,789.31,2720.52,1.0
17-10-27_22:33:20,183.0,0.0,3.3,23.3,0.5,789.31,2720.52,1.0
17-10-27_22:33:20,183.0,0.0,3.3,23.3,0.5,789.31,2720.52,1.0
17-10-27_22:33:20,183.0,0.0,3.3,23.3,0.5,789.31,2720.52,1.0
17-10-27_22:33:20,183.0,0.0,3.3,23.3,0.18,789.31,2720.52,1.0
17-10-27_22:33:20,183.0,0.0,3.3,23.3,0.18,789.31,2720.52,1.0
17-10-27_22:33:20,183.0,0.0,3.3,23.3,0.18,789.31,2720.52,1.0
17-10-27_22:33:20,183.0,0.0,3.3,23.3,0.18,789.31,2720.52,1.0
17-10-27_22:33:20,183.0,0.0,3.3,25.115,0.5,789.31,2720.52,1.0
17-10-27_22:33:20,183.0,0.0,3.3,25.115,0.5,789.31,2720.52,1.0
17-10-27_22:33:20,183.0,0.0,3.3,25.115,0.5,789.31,2720.52,1.0
17-10-27_22:33:20,183.0,0.0,3.3,25.115,0.5,789.31,2720.52,1.0
17-10-27_22:33:20,183.0,0.0,3.3,25.115,0.18,789.31,2720.52,1.0
17-10-27_22:33:20,183.0,0.0,3.3,25.115,0.18,789.31,2720.52,1.0
17-10-27_22:33:20,183.0,0.0,3.3,25.115,0.18,789.31,2720.52,1.0
17-10-27_22:33:20,183.0,0.0,3.3,25.115,0.18,789.31,2720.52,1.0
17-10-27_22:33:20,183.0,0.0,3.3,23.3,0.5,789.31,2720.52,1.0
17-10-27_22:33:20,183.0,0.0,3.3,23.3,0.5,789.31,2720.52,1.0
17-10-27_22:33:20,183.0,0.0,3.3,23.3,0.5,789.31,2720.52,1.0
17-10-27_22:33:20,183.0,0.0,3.3,23.3,0.5,789.31,2720.52,1.0
17-10-27_22:33:20,183.0,0.0,3.3,23.3,0.18,789.31,2720.52,1.0
17-10-27_22:33:20,183.0,0.0,3.3,23.3,0.18,789.31,2720.52,1.0
17-10-27_22:33:20,183.0,0.0,3.3,23.3,0.18,789.31,2720.52,1.0
17-10-27_22:33:20,183.0,0.0,3.3,23.3,0.18,789.31,2720.52,1.0
17-10-27_22:33:20,183.0,0.0,3.3,25.115,0.5,789.31,2720.52,1.0
17-10-27_22:33:20,183.0,0.0,3.3,25.115,0.5,789.31,2720.52,1.0
17-10-27_22:33:20,183.0,0.0,3.3,25.115,0.5,789.31,2720.52,1.0
17-10-27_22:33:20,183.0,0.0,3.3,25.115,0.5,789.31,2720.52,1.0
17-10-27_22:33:20,183.0,0.0,3.3,25.115,0.18,789.31,2720.52,1.0
17-10-27_22:33:20,183.0,0.0,3.3,25.115,0.18,789.31,2720.52,1.0
17-10-27_22:33:20,183.0,0.0,3.3,25.115,0.18,789.31,2720.52,1.0
17-10-27_22:33:20,183.0,0.0,3.3,25.115,0.18,789.31,2720.52,1.0
17-10-27_22:33:20,183.0,0.0,2.6,23.3,0.5,789.31,2720.52,1.0
17-10-27_22:33:20,183.0,0.0,2.6,23.3,0.5,789.31,2720.52,1.0
17-10-27_22:33:20,183.0,0.0,2.6,23.3,0.5,789.31,2720.52,1.0
17-10-27_22:33:20,183.0,0.0,2.6,23.3,0.5,789.31,2720.52,1.0
17-10-27_22:33:20,183.0,0.0,2.6,23.3,0.18,789.31,2720.52,1.0
17-10-27_22:33:20,183.0,0.0,2.6,23.3,0.18,789.31,2720.52,1.0
17-10-27_22:33:20,183.0,0.0,2.6,23.3,0.18,789.31,2720.52,1.0
17-10-27_22:33:20,183.0,0.0,2.6,23.3,0.18,789.31,2720.52,1.0
17-10-27_22:33:20,183.0,0.0,2.6,25.115,0.5,789.31,2720.52,1.0
17-10-27_22:33:20,183.0,0.0,2.6,25.115,0.5,789.31,2720.52,1.0
17-10-27_22:33:20,183.0,0.0,2.6,25.115,0.5,789.31,2720.52,1.0
17-10-27_22:33:20,183.0,0.0,2.6,25.115,0.5,789.31,2720.52,1.0
17-10-27_22:33:20,183.0,0.0,2.6,25.115,0.18,789.31,2720.52,1.0
17-10-27_22:33:20,183.0,0.0,2.6,25.115,0.18,789.31,2720.52,1.0
17-10-27_22:33:20,183.0,0.0,2.6,25.115,0.18,789.31,2720.52,1.0
17-10-27_22:33:20,183.0,0.0,2.6,25.115,0.18,789.31,2720.52,1.0
17-10-27_22:33:20,183.0,0.0,2.6,23.3,0.5,789.31,2720.52,1.0
17-10-27_22:33:20,183.0,0.0,2.6,23.3,0.5,789.31,2720.52,1.0
17-10-27_22:33:20,183.0,0.0,2.6,23.3,0.5,789.31,2720.52,1.0
17-10-27_22:33:20,183.0,0.0,2.6,23.3,0.5,789.31,2720.52,1.0
17-10-27_22:33:20,183.0,0.0,2.6,23.3,0.18,789.31,2720.52,1.0
17-10-27_22:33:20,183.0,0.0,2.6,23.3,0.18,789.31,2720.52,1.0
17-10-27_22:33:20,183.0,0.0,2.6,23.3,0.18,789.31,2720.52,1.0
17-10-27_22:33:20,183.0,0.0,2.6,23.3,0.18,789.31,2720.52,1.0
17-10-27_22:33:20,183.0,0.0,2.6,25.115,0.5,789.31,2720.52,1.0
17-10-27_22:33:20,183.0,0.0,2.6,25.115,0.5,789.31,2720.52,1.0
17-10-27_22:33:20,183.0,0.0,2.6,25.115,0.5,789.31,2720.52,1.0
17-10-27_22:33:20,183.0,0.0,2.6,25.115,0.5,789.31,2720.52,1.0
17-10-27_22:33:20,183.0,0.0,2.6,25.115,0.18,789.31,2720.52,1.0
17-10-27_22:33:20,183.0,0.0,2.6,25.115,0.18,789.31,2720.52,1.0
17-10-27_22:33:20,183.0,0.0,2.6,25.115,0.18,789.31,2720.52,1.0
17-10-27_22:33:20,183.0,0.0,2.6,25.115,0.18,789.31,2720.52,1.0
17-10-27_22:33:20,183.0,0.0,2.6,23.3,0.5,789.31,2720.52,1.0
17-10-27_22:33:20,183.0,0.0,2.6,23.3,0.5,789.31,2720.52,1.0
17-10-27_22:33:20,183.0,0.0,2.6,23.3,0.5,789.31,2720.52,1.0
17-10-27_22:33:20,183.0,0.0,2.6,23.3,0.5,789.31,2720.52,1.0
17-10-27_22:33:20,183.0,0.0,2.6,23.3,0.18,789.31,2720.52,1.0
17-10-27_22:33:20,183.0,0.0,2.6,23.3,0.18,789.31,2720.52,1.0
17-10-27_22:33:20,183.0,0.0,2.6,23.3,0.18,789.31,2720.52,1.0
17-10-27_22:33:20,183.0,0.0,2.6,23.3,0.18,789.31,2720.52,1.0
17-10-27_22:33:20,183.0,0.0,2.6,25.115,0.5,789.31,2720.52,1.0
17-10-27_22:33:20,183.0,0.0,2.6,25.115,0.5,789.31,2720.52,1.0
17-10-27_22:33:20,183.0,0.0,2.6,25.115,0.5,789.31,2720.52,1.0
17-10-27_22:33:20,183.0,0.0,2.6,25.115,0.5,789.31,2720.52,1.0
17-10-27_22:33:20,183.0,0.0,2.6,25.115,0.18,789.31,2720.52,1.0
17-10-27_22:33:20,183.0,0.0,2.6,25.115,0.18,789.31,2720.52,1.0
17-10-27_22:33:20,183.0,0.0,2.6,25.115,0.18,789.31,2720.52,1.0
17-10-27_22:33:20,183.0,0.0,2.6,25.115,0.18,789.31,2720.52,1.0
17-10-27_22:33:20,183.0,0.0,3.4,23.3,0.5,789.31,2720.52,1.0
17-10-27_22:33:20,183.0,0.0,3.4,23.3,0.5,789.31,2720.52,1.0
17-10-27_22:33:20,183.0,0.0,3.4,23.3,0.5,789.31,2720.52,1.0
17-10-27_22:33:20,183.0,0.0,3.4,23.3,0.5,789.31,2720.52,1.0
17-10-27_22:33:20,183.0,0.0,3.4,23.3,0.18,789.31,2720.52,1.0
17-10-27_22:33:20,183.0,0.0,3.4,23.3,0.18,789.31,2720.52,1.0
17-10-27_22:33:20,183.0,0.0,3.4,23.3,0.18,789.31,2720.52,1.0
17-10-27_22:33:20,183.0,0.0,3.4,23.3,0.18,789.31,2720.52,1.0
17-10-27_22:33:20,183.0,0.0,3.4,25.115,0.5,789.31,2720.52,1.0
17-10-27_22:33:20,183.0,0.0,3.4,25.115,0.5,789.31,2720.52,1.0
17-10-27_22:33:20,183.0,0.0,3.4,25.115,0.5,789.31,2720.52,1.0
17-10-27_22:33:20,183.0,0.0,3.4,25.115,0.5,789.31,2720.52,1.0
17-10-27_22:33:20,183.0,0.0,3.4,25.115,0.18,789.31,2720.52,1.0
17-10-27_22:33:20,183.0,0.0,3.4,25.115,0.18,789.31,2720.52,1.0
17-10-27_22:33:20,183.0,0.0,3.4,25.115,0.18,789.31,2720.52,1.0
17-10-27_22:33:20,183.0,0.0,3.4,25.115,0.18,789.31,2720.52,1.0
17-10-27_22:33:20,183.0,0.0,3.4,23.3,0.5,789.31,2720.52,1.0
17-10-27_22:33:20,183.0,0.0,3.4,23.3,0.5,789.31,2720.52,1.0
17-10-27_22:33:20,183.0,0.0,3.4,23.3,0.5,789.31,2720.52,1.0
17-10-27_22:33:20,183.0,0.0,3.4,23.3,0.5,789.31,2720.52,1.0
17-10-27_22:33:20,183.0,0.0,3.4,23.3,0.18,789.31,2720.52,1.0
17-10-27_22:33:20,183.0,0.0,3.4,23.3,0.18,789.31,2720.52,1.0
17-10-27_22:33:20,183.0,0.0,3.4,23.3,0.18,789.31,2720.52,1.0
17-10-27_22:33:20,183.0,0.0,3.4,23.3,0.18,789.31,2720.52,1.0
17-10-27_22:33:20,183.0,0.0,3.4,25.115,0.5,789.31,2720.52,1.0
17-10-27_22:33:20,183.0,0.0,3.4,25.115,0.5,789.31,2720.52,1.0
17-10-27_22:33:20,183.0,0.0,3.4,25.115,0.5,789.31,2720.52,1.0
17-10-27_22:33:20,183.0,0.0,3.4,25.115,0.5,789.31,2720.52,1.0
17-10-27_22:33:20,183.0,0.0,3.4,25.115,0.18,789.31,2720.52,1.0
17-10-27_22:33:20,183.0,0.0,3.4,25.115,0.18,789.31,2720.52,1.0
17-10-27_22:33:20,183.0,0.0,3.4,25.115,0.18,789.31,2720.52,1.0
17-10-27_22:33:20,183.0,0.0,3.4,25.115,0.18,789.31,2720.52,1.0
17-10-27_22:33:20,183.0,0.0,70200.0,23.3,0.5,789.31,2720.52,1.0
17-10-27_22:33:20,183.0,0.0,70200.0,23.3,0.5,789.31,2720.52,1.0
17-10-27_22:33:20,183.0,0.0,70200.0,23.3,0.5,789.31,2720.52,1.0
17-10-27_22:33:20,183.0,0.0,70200.0,23.3,0.5,789.31,2720.52,1.0
17-10-27_22:33:20,183.0,0.0,70200.0,23.3,0.18,789.31,2720.52,1.0
17-10-27_22:33:20,183.0,0.0,70200.0,23.3,0.18,789.31,2720.52,1.0
17-10-27_22:33:20,183.0,0.0,70200.0,23.3,0.18,789.31,2720.52,1.0
17-10-27_22:33:20,183.0,0.0,70200.0,23.3,0.18,789.31,2720.52,1.0
17-10-27_22:33:20,183.0,0.0,70200.0,25.115,0.5,789.31,2720.52,1.0
17-10-27_22:33:20,183.0,0.0,70200.0,25.115,0.5,789.31,2720.52,1.0
17-10-27_22:33:20,183.0,0.0,70200.0,25.115,0.5,789.31,2720.52,1.0
17-10-27_22:33:20,183.0,0.0,70200.0,25.115,0.5,789.31,2720.52,1.0
17-10-27_22:33:20,183.0,0.0,70200.0,25.115,0.18,789.31,2720.52,1.0
17-10-27_22:33:20,183.0,0.0,70200.0,25.115,0.18,789.31,2720.52,1.0
17-10-27_22:33:20,183.0,0.0,70200.0,25.115,0.18,789.31,2720.52,1.0
17-10-27_22:33:20,183.0,0.0,70200.0,25.115,0.18,789.31,2720.52,1.0
17-10-27_22:33:20,183.0,0.0,164.4,23.3,0.5,789.31,2720.52,1.0
17-10-27_22:33:20,183.0,0.0,164.4,23.3,0.5,789.31,2720.52,1.0
17-10-27_22:33:20,183.0,0.0,164.4,23.3,0.5,789.31,2720.52,1.0
17-10-27_22:33:20,183.0,0.0,164.4,23.3,0.5,789.31,2720.52,1.0
17-10-27_22:33:20,183.0,0.0,164.4,23.3,0.18,789.31,2720.52,1.0
17-10-27_22:33:20,183.0,0.0,164.4,23.3,0.18,789.31,2720.52,1.0
17-10-27_22:33:20,183.0,0.0,164.4,23.3,0.18,789.31,2720.52,1.0
17-10-27_22:33:20,183.0,0.0,164.4,23.3,0.18,789.31,2720.52,1.0
17-10-27_22:33:20,183.0,0.0,164.4,25.115,0.5,789.31,2720.52,1.0
17-10-27_22:33:20,183.0,0.0,164.4,25.115,0.5,789.31,2720.52,1.0
17-10-27_22:33:20,183.0,0.0,164.4,25.115,0.5,789.31,2720.52,1.0
17-10-27_22:33:20,183.0,0.0,164.4,25.115,0.5,789.31,2720.52,1.0
17-10-27_22:33:20,183.0,0.0,164.4,25.115,0.18,789.31,2720.52,1.0
17-10-27_22:33:20,183.0,0.0,164.4,25.115,0.18,789.31,2720.52,1.0
17-10-27_22:33:20,183.0,0.0,164.4,25.115,0.18,789.31,2720.52,1.0
17-10-27_22:33:20,183.0,0.0,164.4,25.115,0.18,789.31,2720.52,1.0
17-10-27_22:33:20,183.0,0.0,4000.0,23.3,0.5,789.31,2720.52,1.0
17-10-27_22:33:20,183.0,0.0,4000.0,23.3,0.5,789.31,2720.52,1.0
17-10-27_22:33:20,183.0,0.0,4000.0,23.3,0.5,789.31,2720.52,1.0
17-10-27_22:33:20,183.0,0.0,4000.0,23.3,0.5,789.31,2720.52,1.0
17-10-27_22:33:20,183.0,0.0,4000.0,23.3,0.18,789.31,2720.52,1.0
17-10-27_22:33:20,183.0,0.0,4000.0,23.3,0.18,789.31,2720.52,1.0
17-10-27_22:33:20,183.0,0.0,4000.0,23.3,0.18,789.31,2720.52,1.0
17-10-27_22:33:20,183.0,0.0,4000.0,23.3,0.18,789.31,2720.52,1.0
17-10-27_22:33:20,183.0,0.0,4000.0,25.115,0.5,789.31,2720.52,1.0
17-10-27_22:33:20,183.0,0.0,4000.0,25.115,0.5,789.31,2720.52,1.0
17-10-27_22:33:20,183.0,0.0,4000.0,25.115,0.5,789.31,2720.52,1.0
17-10-27_22:33:20,183.0,0.0,4000.0,25.115,0.5,789.31,2720.52,1.0
17-10-27_22:33:20,183.0,0.0,4000.0,25.115,0.18,789.31,2720.52,1.0
17-10-27_22:33:20,183.0,0.0,4000.0,25.115,0.18,789.31,2720.52,1.0
17-10-27_22:33:20,183.0,0.0,4000.0,25.115,0.18,789.31,2720.52,1.0
17-10-27_22:33:20,183.0,0.0,4000.0,25.115,0.18,789.31,2720.52,1.0
17-10-27_22:33:20,183.0,0.0,4000.0,23.3,0.5,789.31,2720.52,1.0
17-10-27_22:33:20,183.0,0.0,4000.0,23.3,0.5,789.31,2720.52,1.0
17-10-27_22:33:20,183.0,0.0,4000.0,23.3,0.5,789.31,2720.52,1.0
17-10-27_22:33:20,183.0,0.0,4000.0,23.3,0.5,789.31,2720.52,1.0
17-10-27_22:33:20,183.0,0.0,4000.0,23.3,0.18,789.31,2720.52,1.0
17-10-27_22:33:20,183.0,0.0,4000.0,23.3,0.18,789.31,2720.52,1.0
17-10-27_22:33:20,183.0,0.0,4000.0,23.3,0.18,789.31,2720.52,1.0
17-10-27_22:33:20,183.0,0.0,4000.0,23.3,0.18,789.31,2720.52,1.0
17-10-27_22:33:20,183.0,0.0,4000.0,25.115,0.5,789.31,2720.52,1.0
17-10-27_22:33:20,183.0,0.0,4000.0,25.115,0.5,789.31,2720.52,1.0
17-10-27_22:33:20,183.0,0.0,4000.0,25.115,0.5,789.31,2720.52,1.0
17-10-27_22:33:20,183.0,0.0,4000.0,25.115,0.5,789.31,2720.52,1.0
17-10-27_22:33:20,183.0,0.0,4000.0,25.115,0.18,789.31,2720.52,1.0
17-10-27_22:33:20,183.0,0.0,4000.0,25.115,0.18,789.31,2720.52,1.0
17-10-27_22:33:20,183.0,0.0,4000.0,25.115,0.18,789.31,2720.52,1.0
17-10-27_22:33:20,183.0,0.0,4000.0,25.115,0.18,789.31,2720.52,1.0
17-10-27_22:33:20,183.0,0.0,4000.0,23.3,0.5,789.31,2720.52,1.0
17-10-27_22:33:20,183.0,0.0,4000.0,23.3,0.5,789.31,2720.52,1.0
17-10-27_22:33:20,183.0,0.0,4000.0,23.3,0.5,789.31,2720.52,1.0
17-10-27_22:33:20,183.0,0.0,4000.0,23.3,0.5,789.31,2720.52,1.0
17-10-27_22:33:20,183.0,0.0,4000.0,23.3,0.18,789.31,2720.52,1.0
17-10-27_22:33:20,183.0,0.0,4000.0,23.3,0.18,789.31,2720.52,1.0
17-10-27_22:33:20,183.0,0.0,4000.0,23.3,0.18,789.31,2720.52,1.0
17-10-27_22:33:20,183.0,0.0,4000.0,23.3,0.18,789.31,2720.52,1.0
17-10-27_22:33:20,183.0,0.0,4000.0,25.115,0.5,789.31,2720.52,1.0
17-10-27_22:33:20,183.0,0.0,4000.0,25.115,0.5,789.31,2720.52,1.0
17-10-27_22:33:20,183.0,0.0,4000.0,25.115,0.5,789.31,2720.52,1.0
17-10-27_22:33:20,183.0,0.0,4000.0,25.115,0.5,789.31,2720.52,1.0
17-10-27_22:33:20,183.0,0.0,4000.0,25.115,0.18,789.31,2720.52,1.0
17-10-27_22:33:20,183.0,0.0,4000.0,25.115,0.18,789.31,2720.52,1.0
17-10-27_22:33:20,183.0,0.0,4000.0,25.115,0.18,789.31,2720.52,1.0
17-10-27_22:33:20,183.0,0.0,4000.0,25.115,0.18,789.31,2720.52,1.0
17-10-27_22:33:20,183.0,0.0,164.4,23.3,0.5,789.31,2720.52,1.0
17-10-27_22:33:20,183.0,0.0,164.4,23.3,0.5,789.31,2720.52,1.0
17-10-27_22:33:20,183.0,0.0,164.4,23.3,0.5,789.31,2720.52,1.0
17-10-27_22:33:20,183.0,0.0,164.4,23.3,0.5,789.31,2720.52,1.0
17-10-27_22:33:20,183.0,0.0,164.4,23.3,0.18,789.31,2720.52,1.0
17-10-27_22:33:20,183.0,0.0,164.4,23.3,0.18,789.31,2720.52,1.0
17-10-27_22:33:20,183.0,0.0,164.4,23.3,0.18,789.31,2720.52,1.0
17-10-27_22:33:20,183.0,0.0,164.4,23.3,0.18,789.31,2720.52,1.0
17-10-27_22:33:20,183.0,0.0,164.4,25.115,0.5,789.31,2720.52,1.0
17-10-27_22:33:20,183.0,0.0,164.4,25.115,0.5,789.31,2720.52,1.0
17-10-27_22:33:20,183.0,0.0,164.4,25.115,0.5,789.31,2720.52,1.0
17-10-27_22:33:20,183.0,0.0,164.4,25.115,0.5,789.31,2720.52,1.0
17-10-27_22:33:20,183.0,0.0,164.4,25.115,0.18,789.31,2720.52,1.0
17-10-27_22:33:20,183.0,0.0,164.4,25.115,0.18,789.31,2720.52,1.0
17-10-27_22:33:20,183.0,0.0,164.4,25.115,0.18,789.31,2720.52,1.0
17-10-27_22:33:20,183.0,0.0,164.4,25.115,0.18,789.31,2720.52,1.0
17-10-27_22:33:20,183.0,0.0,4000.0,23.3,0.5,789.31,2720.52,1.0
17-10-27_22:33:20,183.0,0.0,4000.0,23.3,0.5,789.31,2720.52,1.0
17-10-27_22:33:20,183.0,0.0,4000.0,23.3,0.5,789.31,2720.52,1.0
17-10-27_22:33:20,183.0,0.0,4000.0,23.3,0.5,789.31,2720.52,1.0
17-10-27_22:33:20,183.0,0.0,4000.0,23.3,0.18,789.31,2720.52,1.0
17-10-27_22:33:20,183.0,0.0,4000.0,23.3,0.18,789.31,2720.52,1.0
17-10-27_22:33:20,183.0,0.0,4000.0,23.3,0.18,789.31,2720.52,1.0
17-10-27_22:33:20,183.0,0.0,4000.0,23.3,0.18,789.31,2720.52,1.0
17-10-27_22:33:20,183.0,0.0,4000.0,25.115,0.5,789.31,2720.52,1.0
17-10-27_22:33:20,183.0,0.0,4000.0,25.115,0.5,789.31,2720.52,1.0
17-10-27_22:33:20,183.0,0.0,4000.0,25.115,0.5,789.31,2720.52,1.0
17-10-27_22:33:20,183.0,0.0,4000.0,25.115,0.5,789.31,2720.52,1.0
17-10-27_22:33:20,183.0,0.0,4000.0,25.115,0.18,789.31,2720.52,1.0
17-10-27_22:33:20,183.0,0.0,4000.0,25.115,0.18,789.31,2720.52,1.0
17-10-27_22:33:20,183.0,0.0,4000.0,25.115,0.18,789.31,2720.52,1.0
17-10-27_22:33:20,183.0,0.0,4000.0,25.115,0.18,789.31,2720.52,1.0
17-10-27_22:33:20,183.0,0.0,4000.0,23.3,0.5,789.31,2720.52,1.0
17-10-27_22:33:20,183.0,0.0,4000.0,23.3,0.5,789.31,2720.52,1.0
17-10-27_22:33:20,183.0,0.0,4000.0,23.3,0.5,789.31,2720.52,1.0
17-10-27_22:33:20,183.0,0.0,4000.0,23.3,0.5,789.31,2720.52,1.0
17-10-27_22:33:20,183.0,0.0,4000.0,23.3,0.18,789.31,2720.52,1.0
17-10-27_22:33:20,183.0,0.0,4000.0,23.3,0.18,789.31,2720.52,1.0
17-10-27_22:33:20,183.0,0.0,4000.0,23.3,0.18,789.31,2720.52,1.0
17-10-27_22:33:20,183.0,0.0,4000.0,23.3,0.18,789.31,2720.52,1.0
17-10-27_22:33:20,183.0,0.0,4000.0,25.115,0.5,789.31,2720.52,1.0
17-10-27_22:33:20,183.0,0.0,4000.0,25.115,0.5,789.31,2720.52,1.0
17-10-27_22:33:20,183.0,0.0,4000.0,25.115,0.5,789.31,2720.52,1.0
17-10-27_22:33:20,183.0,0.0,4000.0,25.115,0.5,789.31,2720.52,1.0
17-10-27_22:33:20,183.0,0.0,4000.0,25.115,0.18,789.31,2720.52,1.0
17-10-27_22:33:20,183.0,0.0,4000.0,25.115,0.18,789.31,2720.52,1.0
17-10-27_22:33:20,183.0,0.0,4000.0,25.115,0.18,789.31,2720.52,1.0
17-10-27_22:33:20,183.0,0.0,4000.0,25.115,0.18,789.31,2720.52,1.0
17-10-27_22:33:20,183.0,0.0,4000.0,23.3,0.5,789.31,2720.52,1.0
17-10-27_22:33:20,183.0,0.0,4000.0,23.3,0.5,789.31,2720.52,1.0
17-10-27_22:33:20,183.0,0.0,4000.0,23.3,0.5,789.31,2720.52,1.0
17-10-27_22:33:20,183.0,0.0,4000.0,23.3,0.5,789.31,2720.52,1.0
17-10-27_22:33:20,183.0,0.0,4000.0,23.3,0.18,789.31,2720.52,1.0
17-10-27_22:33:20,183.0,0.0,4000.0,23.3,0.18,789.31,2720.52,1.0
17-10-27_22:33:20,183.0,0.0,4000.0,23.3,0.18,789.31,2720.52,1.0
17-10-27_22:33:20,183.0,0.0,4000.0,23.3,0.18,789.31,2720.52,1.0
17-10-27_22:33:20,183.0,0.0,4000.0,25.115,0.5,789.31,2720.52,1.0
17-10-27_22:33:20,183.0,0.0,4000.0,25.115,0.5,789.31,2720.52,1.0
17-10-27_22:33:20,183.0,0.0,4000.0,25.115,0.5,789.31,2720.52,1.0
17-10-27_22:33:20,183.0,0.0,4000.0,25.115,0.5,789.31,2720.52,1.0
17-10-27_22:33:20,183.0,0.0,4000.0,25.115,0.18,789.31,2720.52,1.0
17-10-27_22:33:20,183.0,0.0,4000.0,25.115,0.18,789.31,2720.52,1.0
17-10-27_22:33:20,183.0,0.0,4000.0,25.115,0.18,789.31,2720.52,1.0
17-10-27_22:33:20,183.0,0.0,4000.0,25.115,0.18,789.31,2720.52,1.0
17-10-27_22:33:20,183.0,0.0,4000.0,23.3,0.5,789.31,2720.52,1.0
17-10-27_22:33:20,183.0,0.0,4000.0,23.3,0.5,789.31,2720.52,1.0
17-10-27_22:33:20,183.0,0.0,4000.0,23.3,0.5,789.31,2720.52,1.0
17-10-27_22:33:20,183.0,0.0,4000.0,23.3,0.5,789.31,2720.52,1.0
17-10-27_22:33:20,183.0,0.0,4000.0,23.3,0.18,789.31,2720.52,1.0
17-10-27_22:33:20,183.0,0.0,4000.0,23.3,0.18,789.31,2720.52,1.0
17-10-27_22:33:20,183.0,0.0,4000.0,23.3,0.18,789.31,2720.52,1.0
17-10-27_22:33:20,183.0,0.0,4000.0,23.3,0.18,789.31,2720.52,1.0
17-10-27_22:33:20,183.0,0.0,4000.0,25.115,0.5,789.31,2720.52,1.0
17-10-27_22:33:20,183.0,0.0,4000.0,25.115,0.5,789.31,2720.52,1.0
17-10-27_22:33:20,183.0,0.0,4000.0,25.115,0.5,789.31,2720.52,1.0
17-10-27_22:33:20,183.0,0.0,4000.0,25.115,0.5,789.31,2720.52,1.0
17-10-27_22:33:20,183.0,0.0,4000.0,25.115,0.18,789.31,2720.52,1.0
17-10-27_22:33:20,183.0,0.0,4000.0,25.115,0.18,789.31,2720.52,1.0
17-10-27_22:33:20,183.0,0.0,4000.0,25.115,0.18,789.31,2720.52,1.0
17-10-27_22:33:20,183.0,0.0,4000.0,25.115,0.18,789.31,2720.52,1.0
17-10-27_22:33:20,183.0,0.0,4000.0,23.3,0.5,789.31,2720.52,1.0
17-10-27_22:33:20,183.0,0.0,4000.0,23.3,0.5,789.31,2720.52,1.0
17-10-27_22:33:20,183.0,0.0,4000.0,23.3,0.5,789.31,2720.52,1.0
17-10-27_22:33:20,183.0,0.0,4000.0,23.3,0.5,789.31,2720.52,1.0
17-10-27_22:33:20,183.0,0.0,4000.0,23.3,0.18,789.31,2720.52,1.0
17-10-27_22:33:20,183.0,0.0,4000.0,23.3,0.18,789.31,2720.52,1.0
17-10-27_22:33:20,183.0,0.0,4000.0,23.3,0.18,789.31,2720.52,1.0
17-10-27_22:33:20,183.0,0.0,4000.0,23.3,0.18,789.31,2720.52,1.0
17-10-27_22:33:20,183.0,0.0,4000.0,25.115,0.5,789.31,2720.52,1.0
17-10-27_22:33:20,183.0,0.0,4000.0,25.115,0.5,789.31,2720.52,1.0
17-10-27_22:33:20,183.0,0.0,4000.0,25.115,0.5,789.31,2720.52,1.0
17-10-27_22:33:20,183.0,0.0,4000.0,25.115,0.5,789.31,2720.52,1.0
17-10-27_22:33:20,183.0,0.0,4000.0,25.115,0.18,789.31,2720.52,1.0
17-10-27_22:33:20,183.0,0.0,4000.0,25.115,0.18,789.31,2720.52,1.0
17-10-27_22:33:20,183.0,0.0,4000.0,25.115,0.18,789.31,2720.52,1.0
17-10-27_22:33:20,183.0,0.0,4000.0,25.115,0.18,789.31,2720.52,1.0
17-10-27_22:33:20,183.0,0.0,4000.0,23.3,0.5,789.31,2720.52,1.0
17-10-27_22:33:20,183.0,0.0,4000.0,23.3,0.5,789.31,2720.52,1.0
17-10-27_22:33:20,183.0,0.0,4000.0,23.3,0.5,789.31,2720.52,1.0
17-10-27_22:33:20,183.0,0.0,4000.0,23.3,0.5,789.31,2720.52,1.0
17-10-27_22:33:20,183.0,0.0,4000.0,23.3,0.18,789.31,2720.52,1.0
17-10-27_22:33:20,183.0,0.0,4000.0,23.3,0.18,789.31,2720.52,1.0
17-10-27_22:33:20,183.0,0.0,4000.0,23.3,0.18,789.31,2720.52,1.0
17-10-27_22:33:20,183.0,0.0,4000.0,23.3,0.18,789.31,2720.52,1.0
17-10-27_22:33:20,183.0,0.0,4000.0,25.115,0.5,789.31,2720.52,1.0
17-10-27_22:33:20,183.0,0.0,4000.0,25.115,0.5,789.31,2720.52,1.0
17-10-27_22:33:20,183.0,0.0,4000.0,25.115,0.5,789.31,2720.52,1.0
17-10-27_22:33:20,183.0,0.0,4000.0,25.115,0.5,789.31,2720.52,1.0
17-10-27_22:33:20,183.0,0.0,4000.0,25.115,0.18,789.31,2720.52,1.0
17-10-27_22:33:20,183.0,0.0,4000.0,25.115,0.18,789.31,2720.52,1.0
17-10-27_22:33:20,183.0,0.0,4000.0,25.115,0.18,789.31,2720.52,1.0
17-10-27_22:33:20,183.0,0.0,4000.0,25.115,0.18,789.31,2720.52,1.0
17-10-27_22:33:20,183.0,0.0,909.1,23.3,0.5,789.31,2720.52,1.0
17-10-27_22:33:20,183.0,0.0,909.1,23.3,0.5,789.31,2720.52,1.0
17-10-27_22:33:20,183.0,0.0,909.1,23.3,0.5,789.31,2720.52,1.0
17-10-27_22:33:20,183.0,0.0,909.1,23.3,0.5,789.31,2720.52,1.0
17-10-27_22:33:20,183.0,0.0,909.1,23.3,0.18,789.31,2720.52,1.0
17-10-27_22:33:20,183.0,0.0,909.1,23.3,0.18,789.31,2720.52,1.0
17-10-27_22:33:20,183.0,0.0,909.1,23.3,0.18,789.31,2720.52,1.0
17-10-27_22:33:20,183.0,0.0,909.1,23.3,0.18,789.31,2720.52,1.0
17-10-27_22:33:20,183.0,0.0,909.1,25.115,0.5,789.31,2720.52,1.0
17-10-27_22:33:20,183.0,0.0,909.1,25.115,0.5,789.31,2720.52,1.0
17-10-27_22:33:20,183.0,0.0,909.1,25.115,0.5,789.31,2720.52,1.0
17-10-27_22:33:20,183.0,0.0,909.1,25.115,0.5,789.31,2720.52,1.0
17-10-27_22:33:20,183.0,0.0,909.1,25.115,0.18,789.31,2720.52,1.0
17-10-27_22:33:20,183.0,0.0,909.1,25.115,0.18,789.31,2720.52,1.0
17-10-27_22:33:20,183.0,0.0,909.1,25.115,0.18,789.31,2720.52,1.0
17-10-27_22:33:20,183.0,0.0,909.1,25.115,0.18,789.31,2720.52,1.0
17-10-27_22:33:20,183.0,0.0,4000.0,23.3,0.5,789.31,2720.52,1.0
17-10-27_22:33:20,183.0,0.0,4000.0,23.3,0.5,789.31,2720.52,1.0
17-10-27_22:33:20,183.0,0.0,4000.0,23.3,0.5,789.31,2720.52,1.0
17-10-27_22:33:20,183.0,0.0,4000.0,23.3,0.5,789.31,2720.52,1.0
17-10-27_22:33:20,183.0,0.0,4000.0,23.3,0.18,789.31,2720.52,1.0
17-10-27_22:33:20,183.0,0.0,4000.0,23.3,0.18,789.31,2720.52,1.0
17-10-27_22:33:20,183.0,0.0,4000.0,23.3,0.18,789.31,2720.52,1.0
17-10-27_22:33:20,183.0,0.0,4000.0,23.3,0.18,789.31,2720.52,1.0
17-10-27_22:33:20,183.0,0.0,4000.0,25.115,0.5,789.31,2720.52,1.0
17-10-27_22:33:20,183.0,0.0,4000.0,25.115,0.5,789.31,2720.52,1.0
17-10-27_22:33:20,183.0,0.0,4000.0,25.115,0.5,789.31,2720.52,1.0
17-10-27_22:33:20,183.0,0.0,4000.0,25.115,0.5,789.31,2720.52,1.0
17-10-27_22:33:20,183.0,0.0,4000.0,25.115,0.18,789.31,2720.52,1.0
17-10-27_22:33:20,183.0,0.0,4000.0,25.115,0.18,789.31,2720.52,1.0
17-10-27_22:33:20,183.0,0.0,4000.0,25.115,0.18,789.31,2720.52,1.0
17-10-27_22:33:20,183.0,0.0,4000.0,25.115,0.18,789.31,2720.52,1.0
17-10-27_22:33:20,183.0,0.0,4000.0,23.3,0.5,789.31,2720.52,1.0
17-10-27_22:33:20,183.0,0.0,4000.0,23.3,0.5,789.31,2720.52,1.0
17-10-27_22:33:20,183.0,0.0,4000.0,23.3,0.5,789.31,2720.52,1.0
17-10-27_22:33:20,183.0,0.0,4000.0,23.3,0.5,789.31,2720.52,1.0
17-10-27_22:33:20,183.0,0.0,4000.0,23.3,0.18,789.31,2720.52,1.0
17-10-27_22:33:20,183.0,0.0,4000.0,23.3,0.18,789.31,2720.52,1.0
17-10-27_22:33:20,183.0,0.0,4000.0,23.3,0.18,789.31,2720.52,1.0
17-10-27_22:33:20,183.0,0.0,4000.0,23.3,0.18,789.31,2720.52,1.0
17-10-27_22:33:20,183.0,0.0,4000.0,25.115,0.5,789.31,2720.52,1.0
17-10-27_22:33:20,183.0,0.0,4000.0,25.115,0.5,789.31,2720.52,1.0
17-10-27_22:33:20,183.0,0.0,4000.0,25.115,0.5,789.31,2720.52,1.0
17-10-27_22:33:20,183.0,0.0,4000.0,25.115,0.5,789.31,2720.52,1.0
17-10-27_22:33:20,183.0,0.0,4000.0,25.115,0.18,789.31,2720.52,1.0
17-10-27_22:33:20,183.0,0.0,4000.0,25.115,0.18,789.31,2720.52,1.0
17-10-27_22:33:20,183.0,0.0,4000.0,25.115,0.18,789.31,2720.52,1.0
17-10-27_22:33:20,183.0,0.0,4000.0,25.115,0.18,789.31,2720.52,1.0
17-10-27_22:33:20,183.0,0.0,4000.0,23.3,0.5,789.31,2720.52,1.0
17-10-27_22:33:20,183.0,0.0,4000.0,23.3,0.5,789.31,2720.52,1.0
17-10-27_22:33:20,183.0,0.0,4000.0,23.3,0.5,789.31,2720.52,1.0
17-10-27_22:33:20,183.0,0.0,4000.0,23.3,0.5,789.31,2720.52,1.0
17-10-27_22:33:20,183.0,0.0,4000.0,23.3,0.18,789.31,2720.52,1.0
17-10-27_22:33:20,183.0,0.0,4000.0,23.3,0.18,789.31,2720.52,1.0
17-10-27_22:33:20,183.0,0.0,4000.0,23.3,0.18,789.31,2720.52,1.0
17-10-27_22:33:20,183.0,0.0,4000.0,23.3,0.18,789.31,2720.52,1.0
17-10-27_22:33:20,183.0,0.0,4000.0,25.115,0.5,789.31,2720.52,1.0
17-10-27_22:33:20,183.0,0.0,4000.0,25.115,0.5,789.31,2720.52,1.0
17-10-27_22:33:20,183.0,0.0,4000.0,25.115,0.5,789.31,2720.52,1.0
17-10-27_22:33:20,183.0,0.0,4000.0,25.115,0.5,789.31,2720.52,1.0
17-10-27_22:33:20,183.0,0.0,4000.0,25.115,0.18,789.31,2720.52,1.0
17-10-27_22:33:20,183.0,0.0,4000.0,25.115,0.18,789.31,2720.52,1.0
17-10-27_22:33:20,183.0,0.0,4000.0,25.115,0.18,789.31,2720.52,1.0
17-10-27_22:33:20,183.0,0.0,4000.0,25.115,0.18,789.31,2720.52,1.0
17-10-27_22:33:20,183.0,0.0,4000.0,23.3,0.5,789.31,2720.52,1.0
17-10-27_22:33:20,183.0,0.0,4000.0,23.3,0.5,789.31,2720.52,1.0
17-10-27_22:33:20,183.0,0.0,4000.0,23.3,0.5,789.31,2720.52,1.0
17-10-27_22:33:20,183.0,0.0,4000.0,23.3,0.5,789.31,2720.52,1.0
17-10-27_22:33:20,183.0,0.0,4000.0,23.3,0.18,789.31,2720.52,1.0
17-10-27_22:33:20,183.0,0.0,4000.0,23.3,0.18,789.31,2720.52,1.0
17-10-27_22:33:20,183.0,0.0,4000.0,23.3,0.18,789.31,2720.52,1.0
17-10-27_22:33:20,183.0,0.0,4000.0,23.3,0.18,789.31,2720.52,1.0
17-10-27_22:33:20,183.0,0.0,4000.0,25.115,0.5,789.31,2720.52,1.0
17-10-27_22:33:20,183.0,0.0,4000.0,25.115,0.5,789.31,2720.52,1.0
17-10-27_22:33:20,183.0,0.0,4000.0,25.115,0.5,789.31,2720.52,1.0
17-10-27_22:33:20,183.0,0.0,4000.0,25.115,0.5,789.31,2720.52,1.0
17-10-27_22:33:20,183.0,0.0,4000.0,25.115,0.18,789.31,2720.52,1.0
17-10-27_22:33:20,183.0,0.0,4000.0,25.115,0.18,789.31,2720.52,1.0
17-10-27_22:33:20,183.0,0.0,4000.0,25.115,0.18,789.31,2720.52,1.0
17-10-27_22:33:20,183.0,0.0,4000.0,25.115,0.18,789.31,2720.52,1.0
17-10-27_22:33:20,183.0,0.0,4000.0,23.3,0.5,789.31,2720.52,1.0
17-10-27_22:33:20,183.0,0.0,4000.0,23.3,0.5,789.31,2720.52,1.0
17-10-27_22:33:20,183.0,0.0,4000.0,23.3,0.5,789.31,2720.52,1.0
17-10-27_22:33:20,183.0,0.0,4000.0,23.3,0.5,789.31,2720.52,1.0
17-10-27_22:33:20,183.0,0.0,4000.0,23.3,0.18,789.31,2720.52,1.0
17-10-27_22:33:20,183.0,0.0,4000.0,23.3,0.18,789.31,2720.52,1.0
17-10-27_22:33:20,183.0,0.0,4000.0,23.3,0.18,789.31,2720.52,1.0
17-10-27_22:33:20,183.0,0.0,4000.0,23.3,0.18,789.31,2720.52,1.0
17-10-27_22:33:20,183.0,0.0,4000.0,25.115,0.5,789.31,2720.52,1.0
17-10-27_22:33:20,183.0,0.0,4000.0,25.115,0.5,789.31,2720.52,1.0
17-10-27_22:33:20,183.0,0.0,4000.0,25.115,0.5,789.31,2720.52,1.0
17-10-27_22:33:20,183.0,0.0,4000.0,25.115,0.5,789.31,2720.52,1.0
17-10-27_22:33:20,183.0,0.0,4000.0,25.115,0.18,789.31,2720.52,1.0
17-10-27_22:33:20,183.0,0.0,4000.0,25.115,0.18,789.31,2720.52,1.0
17-10-27_22:33:20,183.0,0.0,4000.0,25.115,0.18,789.31,2720.52,1.0
17-10-27_22:33:20,183.0,0.0,4000.0,25.115,0.18,789.31,2720.52,1.0
17-10-27_22:33:20,183.0,0.0,4000.0,23.3,0.5,789.31,2720.52,1.0
17-10-27_22:33:20,183.0,0.0,4000.0,23.3,0.5,789.31,2720.52,1.0
17-10-27_22:33:20,183.0,0.0,4000.0,23.3,0.5,789.31,2720.52,1.0
17-10-27_22:33:20,183.0,0.0,4000.0,23.3,0.5,789.31,2720.52,1.0
17-10-27_22:33:20,183.0,0.0,4000.0,23.3,0.18,789.31,2720.52,1.0
17-10-27_22:33:20,183.0,0.0,4000.0,23.3,0.18,789.31,2720.52,1.0
17-10-27_22:33:20,183.0,0.0,4000.0,23.3,0.18,789.31,2720.52,1.0
17-10-27_22:33:20,183.0,0.0,4000.0,23.3,0.18,789.31,2720.52,1.0
17-10-27_22:33:20,183.0,0.0,4000.0,25.115,0.5,789.31,2720.52,1.0
17-10-27_22:33:20,183.0,0.0,4000.0,25.115,0.5,789.31,2720.52,1.0
17-10-27_22:33:20,183.0,0.0,4000.0,25.115,0.5,789.31,2720.52,1.0
17-10-27_22:33:20,183.0,0.0,4000.0,25.115,0.5,789.31,2720.52,1.0
17-10-27_22:33:20,183.0,0.0,4000.0,25.115,0.18,789.31,2720.52,1.0
17-10-27_22:33:20,183.0,0.0,4000.0,25.115,0.18,789.31,2720.52,1.0
17-10-27_22:33:20,183.0,0.0,4000.0,25.115,0.18,789.31,2720.52,1.0
17-10-27_22:33:20,183.0,0.0,4000.0,25.115,0.18,789.31,2720.52,1.0
17-10-27_22:33:20,183.0,0.0,4000.0,23.3,0.5,789.31,2720.52,1.0
17-10-27_22:33:20,183.0,0.0,4000.0,23.3,0.5,789.31,2720.52,1.0
17-10-27_22:33:20,183.0,0.0,4000.0,23.3,0.5,789.31,2720.52,1.0
17-10-27_22:33:20,183.0,0.0,4000.0,23.3,0.5,789.31,2720.52,1.0
17-10-27_22:33:20,183.0,0.0,4000.0,23.3,0.18,789.31,2720.52,1.0
17-10-27_22:33:20,183.0,0.0,4000.0,23.3,0.18,789.31,2720.52,1.0
17-10-27_22:33:20,183.0,0.0,4000.0,23.3,0.18,789.31,2720.52,1.0
17-10-27_22:33:20,183.0,0.0,4000.0,23.3,0.18,789.31,2720.52,1.0
17-10-27_22:33:20,183.0,0.0,4000.0,25.115,0.5,789.31,2720.52,1.0
17-10-27_22:33:20,183.0,0.0,4000.0,25.115,0.5,789.31,2720.52,1.0
17-10-27_22:33:20,183.0,0.0,4000.0,25.115,0.5,789.31,2720.52,1.0
17-10-27_22:33:20,183.0,0.0,4000.0,25.115,0.5,789.31,2720.52,1.0
17-10-27_22:33:20,183.0,0.0,4000.0,25.115,0.18,789.31,2720.52,1.0
17-10-27_22:33:20,183.0,0.0,4000.0,25.115,0.18,789.31,2720.52,1.0
17-10-27_22:33:20,183.0,0.0,4000.0,25.115,0.18,789.31,2720.52,1.0
17-10-27_22:33:20,183.0,0.0,4000.0,25.115,0.18,789.31,2720.52,1.0
17-10-27_22:33:20,183.0,0.0,909.1,23.3,0.5,789.31,2720.52,1.0
17-10-27_22:33:20,183.0,0.0,909.1,23.3,0.5,789.31,2720.52,1.0
17-10-27_22:33:20,183.0,0.0,909.1,23.3,0.5,789.31,2720.52,1.0
17-10-27_22:33:20,183.0,0.0,909.1,23.3,0.5,789.31,2720.52,1.0
17-10-27_22:33:20,183.0,0.0,909.1,23.3,0.18,789.31,2720.52,1.0
17-10-27_22:33:20,183.0,0.0,909.1,23.3,0.18,789.31,2720.52,1.0
17-10-27_22:33:20,183.0,0.0,909.1,23.3,0.18,789.31,2720.52,1.0
17-10-27_22:33:20,183.0,0.0,909.1,23.3,0.18,789.31,2720.52,1.0
17-10-27_22:33:20,183.0,0.0,909.1,25.115,0.5,789.31,2720.52,1.0
17-10-27_22:33:20,183.0,0.0,909.1,25.115,0.5,789.31,2720.52,1.0
17-10-27_22:33:20,183.0,0.0,909.1,25.115,0.5,789.31,2720.52,1.0
17-10-27_22:33:20,183.0,0.0,909.1,25.115,0.5,789.31,2720.52,1.0
17-10-27_22:33:20,183.0,0.0,909.1,25.115,0.18,789.31,2720.52,1.0
17-10-27_22:33:20,183.0,0.0,909.1,25.115,0.18,789.31,2720.52,1.0
17-10-27_22:33:20,183.0,0.0,909.1,25.115,0.18,789.31,2720.52,1.0
17-10-27_22:33:20,183.0,0.0,909.1,25.115,0.18,789.31,2720.52,1.0
17-10-27_22:33:20,183.0,0.0,4.0,23.3,0.5,789.31,2720.52,1.0
17-10-27_22:33:20,183.0,0.0,4.0,23.3,0.5,789.31,2720.52,1.0
17-10-27_22:33:20,183.0,0.0,4.0,23.3,0.5,789.31,2720.52,1.0
17-10-27_22:33:20,183.0,0.0,4.0,23.3,0.5,789.31,2720.52,1.0
17-10-27_22:33:20,183.0,0.0,4.0,23.3,0.18,789.31,2720.52,1.0
17-10-27_22:33:20,183.0,0.0,4.0,23.3,0.18,789.31,2720.52,1.0
17-10-27_22:33:20,183.0,0.0,4.0,23.3,0.18,789.31,2720.52,1.0
17-10-27_22:33:20,183.0,0.0,4.0,23.3,0.18,789.31,2720.52,1.0
17-10-27_22:33:20,183.0,0.0,4.0,25.115,0.5,789.31,2720.52,1.0
17-10-27_22:33:20,183.0,0.0,4.0,25.115,0.5,789.31,2720.52,1.0
17-10-27_22:33:20,183.0,0.0,4.0,25.115,0.5,789.31,2720.52,1.0
17-10-27_22:33:20,183.0,0.0,4.0,25.115,0.5,789.31,2720.52,1.0
17-10-27_22:33:20,183.0,0.0,4.0,25.115,0.18,789.31,2720.52,1.0
17-10-27_22:33:20,183.0,0.0,4.0,25.115,0.18,789.31,2720.52,1.0
17-10-27_22:33:20,183.0,0.0,4.0,25.115,0.18,789.31,2720.52,1.0
17-10-27_22:33:20,183.0,0.0,4.0,25.115,0.18,789.31,2720.52,1.0
17-10-27_22:33:20,183.0,0.0,4000.0,23.3,0.5,789.31,2720.52,1.0
17-10-27_22:33:20,183.0,0.0,4000.0,23.3,0.5,789.31,2720.52,1.0
17-10-27_22:33:20,183.0,0.0,4000.0,23.3,0.5,789.31,2720.52,1.0
17-10-27_22:33:20,183.0,0.0,4000.0,23.3,0.5,789.31,2720.52,1.0
17-10-27_22:33:20,183.0,0.0,4000.0,23.3,0.18,789.31,2720.52,1.0
17-10-27_22:33:20,183.0,0.0,4000.0,23.3,0.18,789.31,2720.52,1.0
17-10-27_22:33:20,183.0,0.0,4000.0,23.3,0.18,789.31,2720.52,1.0
17-10-27_22:33:20,183.0,0.0,4000.0,23.3,0.18,789.31,2720.52,1.0
17-10-27_22:33:20,183.0,0.0,4000.0,25.115,0.5,789.31,2720.52,1.0
17-10-27_22:33:20,183.0,0.0,4000.0,25.115,0.5,789.31,2720.52,1.0
17-10-27_22:33:20,183.0,0.0,4000.0,25.115,0.5,789.31,2720.52,1.0
17-10-27_22:33:20,183.0,0.0,4000.0,25.115,0.5,789.31,2720.52,1.0
17-10-27_22:33:20,183.0,0.0,4000.0,25.115,0.18,789.31,2720.52,1.0
17-10-27_22:33:20,183.0,0.0,4000.0,25.115,0.18,789.31,2720.52,1.0
17-10-27_22:33:20,183.0,0.0,4000.0,25.115,0.18,789.31,2720.52,1.0
17-10-27_22:33:20,183.0,0.0,4000.0,25.115,0.18,789.31,2720.52,1.0
17-10-27_22:33:20,183.0,0.0,1355.9,23.3,0.5,789.31,2720.52,1.0
17-10-27_22:33:20,183.0,0.0,1355.9,23.3,0.5,789.31,2720.52,1.0
17-10-27_22:33:20,183.0,0.0,1355.9,23.3,0.5,789.31,2720.52,1.0
17-10-27_22:33:20,183.0,0.0,1355.9,23.3,0.5,789.31,2720.52,1.0
17-10-27_22:33:20,183.0,0.0,1355.9,23.3,0.18,789.31,2720.52,1.0
17-10-27_22:33:20,183.0,0.0,1355.9,23.3,0.18,789.31,2720.52,1.0
17-10-27_22:33:20,183.0,0.0,1355.9,23.3,0.18,789.31,2720.52,1.0
17-10-27_22:33:20,183.0,0.0,1355.9,23.3,0.18,789.31,2720.52,1.0
17-10-27_22:33:20,183.0,0.0,1355.9,25.115,0.5,789.31,2720.52,1.0
17-10-27_22:33:20,183.0,0.0,1355.9,25.115,0.5,789.31,2720.52,1.0
17-10-27_22:33:20,183.0,0.0,1355.9,25.115,0.5,789.31,2720.52,1.0
17-10-27_22:33:20,183.0,0.0,1355.9,25.115,0.5,789.31,2720.52,1.0
17-10-27_22:33:20,183.0,0.0,1355.9,25.115,0.18,789.31,2720.52,1.0
17-10-27_22:33:20,183.0,0.0,1355.9,25.115,0.18,789.31,2720.52,1.0
17-10-27_22:33:20,183.0,0.0,1355.9,25.115,0.18,789.31,2720.52,1.0
17-10-27_22:33:20,183.0,0.0,1355.9,25.115,0.18,789.31,2720.52,1.0
17-10-27_22:33:20,183.0,0.0,3000.0,23.3,0.5,789.31,2720.52,1.0
17-10-27_22:33:20,183.0,0.0,3000.0,23.3,0.5,789.31,2720.52,1.0
17-10-27_22:33:20,183.0,0.0,3000.0,23.3,0.5,789.31,2720.52,1.0
17-10-27_22:33:20,183.0,0.0,3000.0,23.3,0.5,789.31,2720.52,1.0
17-10-27_22:33:20,183.0,0.0,3000.0,23.3,0.18,789.31,2720.52,1.0
17-10-27_22:33:20,183.0,0.0,3000.0,23.3,0.18,789.31,2720.52,1.0
17-10-27_22:33:20,183.0,0.0,3000.0,23.3,0.18,789.31,2720.52,1.0
17-10-27_22:33:20,183.0,0.0,3000.0,23.3,0.18,789.31,2720.52,1.0
17-10-27_22:33:20,183.0,0.0,3000.0,25.115,0.5,789.31,2720.52,1.0
17-10-27_22:33:20,183.0,0.0,3000.0,25.115,0.5,789.31,2720.52,1.0
17-10-27_22:33:20,183.0,0.0,3000.0,25.115,0.5,789.31,2720.52,1.0
17-10-27_22:33:20,183.0,0.0,3000.0,25.115,0.5,789.31,2720.52,1.0
17-10-27_22:33:20,183.0,0.0,3000.0,25.115,0.18,789.31,2720.52,1.0
17-10-27_22:33:20,183.0,0.0,3000.0,25.115,0.18,789.31,2720.52,1.0
17-10-27_22:33:20,183.0,0.0,3000.0,25.115,0.18,789.31,2720.52,1.0
17-10-27_22:33:20,183.0,0.0,3000.0,25.115,0.18,789.31,2720.52,1.0
17-10-27_22:33:20,183.0,0.0,4.0,23.3,0.5,789.31,2720.52,1.0
17-10-27_22:33:20,183.0,0.0,4.0,23.3,0.5,789.31,2720.52,1.0
17-10-27_22:33:20,183.0,0.0,4.0,23.3,0.5,789.31,2720.52,1.0
17-10-27_22:33:20,183.0,0.0,4.0,23.3,0.5,789.31,2720.52,1.0
17-10-27_22:33:20,183.0,0.0,4.0,23.3,0.18,789.31,2720.52,1.0
17-10-27_22:33:20,183.0,0.0,4.0,23.3,0.18,789.31,2720.52,1.0
17-10-27_22:33:20,183.0,0.0,4.0,23.3,0.18,789.31,2720.52,1.0
17-10-27_22:33:20,183.0,0.0,4.0,23.3,0.18,789.31,2720.52,1.0
17-10-27_22:33:20,183.0,0.0,4.0,25.115,0.5,789.31,2720.52,1.0
17-10-27_22:33:20,183.0,0.0,4.0,25.115,0.5,789.31,2720.52,1.0
17-10-27_22:33:20,183.0,0.0,4.0,25.115,0.5,789.31,2720.52,1.0
17-10-27_22:33:20,183.0,0.0,4.0,25.115,0.5,789.31,2720.52,1.0
17-10-27_22:33:20,183.0,0.0,4.0,25.115,0.18,789.31,2720.52,1.0
17-10-27_22:33:20,183.0,0.0,4.0,25.115,0.18,789.31,2720.52,1.0
17-10-27_22:33:20,183.0,0.0,4.0,25.115,0.18,789.31,2720.52,1.0
17-10-27_22:33:20,183.0,0.0,4.0,25.115,0.18,789.31,2720.52,1.0
17-10-27_22:33:20,183.0,0.0,4000.0,23.3,0.5,789.31,2720.52,1.0
17-10-27_22:33:20,183.0,0.0,4000.0,23.3,0.5,789.31,2720.52,1.0
17-10-27_22:33:20,183.0,0.0,4000.0,23.3,0.5,789.31,2720.52,1.0
17-10-27_22:33:20,183.0,0.0,4000.0,23.3,0.5,789.31,2720.52,1.0
17-10-27_22:33:20,183.0,0.0,4000.0,23.3,0.18,789.31,2720.52,1.0
17-10-27_22:33:20,183.0,0.0,4000.0,23.3,0.18,789.31,2720.52,1.0
17-10-27_22:33:20,183.0,0.0,4000.0,23.3,0.18,789.31,2720.52,1.0
17-10-27_22:33:20,183.0,0.0,4000.0,23.3,0.18,789.31,2720.52,1.0
17-10-27_22:33:20,183.0,0.0,4000.0,25.115,0.5,789.31,2720.52,1.0
17-10-27_22:33:20,183.0,0.0,4000.0,25.115,0.5,789.31,2720.52,1.0
17-10-27_22:33:20,183.0,0.0,4000.0,25.115,0.5,789.31,2720.52,1.0
17-10-27_22:33:20,183.0,0.0,4000.0,25.115,0.5,789.31,2720.52,1.0
17-10-27_22:33:20,183.0,0.0,4000.0,25.115,0.18,789.31,2720.52,1.0
17-10-27_22:33:20,183.0,0.0,4000.0,25.115,0.18,789.31,2720.52,1.0
17-10-27_22:33:20,183.0,0.0,4000.0,25.115,0.18,789.31,2720.52,1.0
17-10-27_22:33:20,183.0,0.0,4000.0,25.115,0.18,789.31,2720.52,1.0
17-10-27_22:33:20,183.0,0.0,3000.0,23.3,0.5,789.31,2720.52,1.0
17-10-27_22:33:20,183.0,0.0,3000.0,23.3,0.5,789.31,2720.52,1.0
17-10-27_22:33:20,183.0,0.0,3000.0,23.3,0.5,789.31,2720.52,1.0
17-10-27_22:33:20,183.0,0.0,3000.0,23.3,0.5,789.31,2720.52,1.0
17-10-27_22:33:20,183.0,0.0,3000.0,23.3,0.18,789.31,2720.52,1.0
17-10-27_22:33:20,183.0,0.0,3000.0,23.3,0.18,789.31,2720.52,1.0
17-10-27_22:33:20,183.0,0.0,3000.0,23.3,0.18,789.31,2720.52,1.0
17-10-27_22:33:20,183.0,0.0,3000.0,23.3,0.18,789.31,2720.52,1.0
17-10-27_22:33:20,183.0,0.0,3000.0,25.115,0.5,789.31,2720.52,1.0
17-10-27_22:33:20,183.0,0.0,3000.0,25.115,0.5,789.31,2720.52,1.0
17-10-27_22:33:20,183.0,0.0,3000.0,25.115,0.5,789.31,2720.52,1.0
17-10-27_22:33:20,183.0,0.0,3000.0,25.115,0.5,789.31,2720.52,1.0
17-10-27_22:33:20,183.0,0.0,3000.0,25.115,0.18,789.31,2720.52,1.0
17-10-27_22:33:20,183.0,0.0,3000.0,25.115,0.18,789.31,2720.52,1.0
17-10-27_22:33:20,183.0,0.0,3000.0,25.115,0.18,789.31,2720.52,1.0
17-10-27_22:33:20,183.0,0.0,3000.0,25.115,0.18,789.31,2720.52,1.0
17-10-27_22:33:20,183.0,0.0,1355.9,23.3,0.5,789.31,2720.52,1.0
17-10-27_22:33:20,183.0,0.0,1355.9,23.3,0.5,789.31,2720.52,1.0
17-10-27_22:33:20,183.0,0.0,1355.9,23.3,0.5,789.31,2720.52,1.0
17-10-27_22:33:20,183.0,0.0,1355.9,23.3,0.5,789.31,2720.52,1.0
17-10-27_22:33:20,183.0,0.0,1355.9,23.3,0.18,789.31,2720.52,1.0
17-10-27_22:33:20,183.0,0.0,1355.9,23.3,0.18,789.31,2720.52,1.0
17-10-27_22:33:20,183.0,0.0,1355.9,23.3,0.18,789.31,2720.52,1.0
17-10-27_22:33:20,183.0,0.0,1355.9,23.3,0.18,789.31,2720.52,1.0
17-10-27_22:33:20,183.0,0.0,1355.9,25.115,0.5,789.31,2720.52,1.0
17-10-27_22:33:20,183.0,0.0,1355.9,25.115,0.5,789.31,2720.52,1.0
17-10-27_22:33:20,183.0,0.0,1355.9,25.115,0.5,789.31,2720.52,1.0
17-10-27_22:33:20,183.0,0.0,1355.9,25.115,0.5,789.31,2720.52,1.0
17-10-27_22:33:20,183.0,0.0,1355.9,25.115,0.18,789.31,2720.52,1.0
17-10-27_22:33:20,183.0,0.0,1355.9,25.115,0.18,789.31,2720.52,1.0
17-10-27_22:33:20,183.0,0.0,1355.9,25.115,0.18,789.31,2720.52,1.0
17-10-27_22:33:20,183.0,0.0,1355.9,25.115,0.18,789.31,2720.52,1.0
17-10-27_22:33:20,183.0,0.0,3000.0,23.3,0.5,789.31,2720.52,1.0
17-10-27_22:33:20,183.0,0.0,3000.0,23.3,0.5,789.31,2720.52,1.0
17-10-27_22:33:20,183.0,0.0,3000.0,23.3,0.5,789.31,2720.52,1.0
17-10-27_22:33:20,183.0,0.0,3000.0,23.3,0.5,789.31,2720.52,1.0
17-10-27_22:33:20,183.0,0.0,3000.0,23.3,0.18,789.31,2720.52,1.0
17-10-27_22:33:20,183.0,0.0,3000.0,23.3,0.18,789.31,2720.52,1.0
17-10-27_22:33:20,183.0,0.0,3000.0,23.3,0.18,789.31,2720.52,1.0
17-10-27_22:33:20,183.0,0.0,3000.0,23.3,0.18,789.31,2720.52,1.0
17-10-27_22:33:20,183.0,0.0,3000.0,25.115,0.5,789.31,2720.52,1.0
17-10-27_22:33:20,183.0,0.0,3000.0,25.115,0.5,789.31,2720.52,1.0
17-10-27_22:33:20,183.0,0.0,3000.0,25.115,0.5,789.31,2720.52,1.0
17-10-27_22:33:20,183.0,0.0,3000.0,25.115,0.5,789.31,2720.52,1.0
17-10-27_22:33:20,183.0,0.0,3000.0,25.115,0.18,789.31,2720.52,1.0
17-10-27_22:33:20,183.0,0.0,3000.0,25.115,0.18,789.31,2720.52,1.0
17-10-27_22:33:20,183.0,0.0,3000.0,25.115,0.18,789.31,2720.52,1.0
17-10-27_22:33:20,183.0,0.0,3000.0,25.115,0.18,789.31,2720.52,1.0
17-10-27_22:33:20,183.0,0.0,2.4,23.3,0.5,789.31,2720.52,1.0
17-10-27_22:33:20,183.0,0.0,2.4,23.3,0.5,789.31,2720.52,1.0
17-10-27_22:33:20,183.0,0.0,2.4,23.3,0.5,789.31,2720.52,1.0
17-10-27_22:33:20,183.0,0.0,2.4,23.3,0.5,789.31,2720.52,1.0
17-10-27_22:33:20,183.0,0.0,2.4,23.3,0.18,789.31,2720.52,1.0
17-10-27_22:33:20,183.0,0.0,2.4,23.3,0.18,789.31,2720.52,1.0
17-10-27_22:33:20,183.0,0.0,2.4,23.3,0.18,789.31,2720.52,1.0
17-10-27_22:33:20,183.0,0.0,2.4,23.3,0.18,789.31,2720.52,1.0
17-10-27_22:33:20,183.0,0.0,2.4,25.115,0.5,789.31,2720.52,1.0
17-10-27_22:33:20,183.0,0.0,2.4,25.115,0.5,789.31,2720.52,1.0
17-10-27_22:33:20,183.0,0.0,2.4,25.115,0.5,789.31,2720.52,1.0
17-10-27_22:33:20,183.0,0.0,2.4,25.115,0.5,789.31,2720.52,1.0
17-10-27_22:33:20,183.0,0.0,2.4,25.115,0.18,789.31,2720.52,1.0
17-10-27_22:33:20,183.0,0.0,2.4,25.115,0.18,789.31,2720.52,1.0
17-10-27_22:33:20,183.0,0.0,2.4,25.115,0.18,789.31,2720.52,1.0
17-10-27_22:33:20,183.0,0.0,2.4,25.115,0.18,789.31,2720.52,1.0
17-10-27_22:33:20,183.0,0.0,2.4,23.3,0.5,789.31,2720.52,1.0
17-10-27_22:33:20,183.0,0.0,2.4,23.3,0.5,789.31,2720.52,1.0
17-10-27_22:33:20,183.0,0.0,2.4,23.3,0.5,789.31,2720.52,1.0
17-10-27_22:33:20,183.0,0.0,2.4,23.3,0.5,789.31,2720.52,1.0
17-10-27_22:33:20,183.0,0.0,2.4,23.3,0.18,789.31,2720.52,1.0
17-10-27_22:33:20,183.0,0.0,2.4,23.3,0.18,789.31,2720.52,1.0
17-10-27_22:33:20,183.0,0.0,2.4,23.3,0.18,789.31,2720.52,1.0
17-10-27_22:33:20,183.0,0.0,2.4,23.3,0.18,789.31,2720.52,1.0
17-10-27_22:33:20,183.0,0.0,2.4,25.115,0.5,789.31,2720.52,1.0
17-10-27_22:33:20,183.0,0.0,2.4,25.115,0.5,789.31,2720.52,1.0
17-10-27_22:33:20,183.0,0.0,2.4,25.115,0.5,789.31,2720.52,1.0
17-10-27_22:33:20,183.0,0.0,2.4,25.115,0.5,789.31,2720.52,1.0
17-10-27_22:33:20,183.0,0.0,2.4,25.115,0.18,789.31,2720.52,1.0
17-10-27_22:33:20,183.0,0.0,2.4,25.115,0.18,789.31,2720.52,1.0
17-10-27_22:33:20,183.0,0.0,2.4,25.115,0.18,789.31,2720.52,1.0
17-10-27_22:33:20,183.0,0.0,2.4,25.115,0.18,789.31,2720.52,1.0
17-10-27_22:33:20,183.0,0.0,25.0,23.3,0.5,789.31,2720.52,1.0
17-10-27_22:33:20,183.0,0.0,25.0,23.3,0.5,789.31,2720.52,1.0
17-10-27_22:33:20,183.0,0.0,25.0,23.3,0.5,789.31,2720.52,1.0
17-10-27_22:33:20,183.0,0.0,25.0,23.3,0.5,789.31,2720.52,1.0
17-10-27_22:33:20,183.0,0.0,25.0,23.3,0.18,789.31,2720.52,1.0
17-10-27_22:33:20,183.0,0.0,25.0,23.3,0.18,789.31,2720.52,1.0
17-10-27_22:33:20,183.0,0.0,25.0,23.3,0.18,789.31,2720.52,1.0
17-10-27_22:33:20,183.0,0.0,25.0,23.3,0.18,789.31,2720.52,1.0
17-10-27_22:33:20,183.0,0.0,25.0,25.115,0.5,789.31,2720.52,1.0
17-10-27_22:33:20,183.0,0.0,25.0,25.115,0.5,789.31,2720.52,1.0
17-10-27_22:33:20,183.0,0.0,25.0,25.115,0.5,789.31,2720.52,1.0
17-10-27_22:33:20,183.0,0.0,25.0,25.115,0.5,789.31,2720.52,1.0
17-10-27_22:33:20,183.0,0.0,25.0,25.115,0.18,789.31,2720.52,1.0
17-10-27_22:33:20,183.0,0.0,25.0,25.115,0.18,789.31,2720.52,1.0
17-10-27_22:33:20,183.0,0.0,25.0,25.115,0.18,789.31,2720.52,1.0
17-10-27_22:33:20,183.0,0.0,25.0,25.115,0.18,789.31,2720.52,1.0
17-10-27_22:33:20,183.0,0.0,25.0,23.3,0.5,789.31,2720.52,1.0
17-10-27_22:33:20,183.0,0.0,25.0,23.3,0.5,789.31,2720.52,1.0
17-10-27_22:33:20,183.0,0.0,25.0,23.3,0.5,789.31,2720.52,1.0
17-10-27_22:33:20,183.0,0.0,25.0,23.3,0.5,789.31,2720.52,1.0
17-10-27_22:33:20,183.0,0.0,25.0,23.3,0.18,789.31,2720.52,1.0
17-10-27_22:33:20,183.0,0.0,25.0,23.3,0.18,789.31,2720.52,1.0
17-10-27_22:33:20,183.0,0.0,25.0,23.3,0.18,789.31,2720.52,1.0
17-10-27_22:33:20,183.0,0.0,25.0,23.3,0.18,789.31,2720.52,1.0
17-10-27_22:33:20,183.0,0.0,25.0,25.115,0.5,789.31,2720.52,1.0
17-10-27_22:33:20,183.0,0.0,25.0,25.115,0.5,789.31,2720.52,1.0
17-10-27_22:33:20,183.0,0.0,25.0,25.115,0.5,789.31,2720.52,1.0
17-10-27_22:33:20,183.0,0.0,25.0,25.115,0.5,789.31,2720.52,1.0
17-10-27_22:33:20,183.0,0.0,25.0,25.115,0.18,789.31,2720.52,1.0
17-10-27_22:33:20,183.0,0.0,25.0,25.115,0.18,789.31,2720.52,1.0
17-10-27_22:33:20,183.0,0.0,25.0,25.115,0.18,789.31,2720.52,1.0
17-10-27_22:33:20,183.0,0.0,25.0,25.115,0.18,789.31,2720.52,1.0
17-10-27_22:33:20,183.0,0.0,25.0,23.3,0.5,789.31,2720.52,1.0
17-10-27_22:33:20,183.0,0.0,25.0,23.3,0.5,789.31,2720.52,1.0
17-10-27_22:33:20,183.0,0.0,25.0,23.3,0.5,789.31,2720.52,1.0
17-10-27_22:33:20,183.0,0.0,25.0,23.3,0.5,789.31,2720.52,1.0
17-10-27_22:33:20,183.0,0.0,25.0,23.3,0.18,789.31,2720.52,1.0
17-10-27_22:33:20,183.0,0.0,25.0,23.3,0.18,789.31,2720.52,1.0
17-10-27_22:33:20,183.0,0.0,25.0,23.3,0.18,789.31,2720.52,1.0
17-10-27_22:33:20,183.0,0.0,25.0,23.3,0.18,789.31,2720.52,1.0
17-10-27_22:33:20,183.0,0.0,25.0,25.115,0.5,789.31,2720.52,1.0
17-10-27_22:33:20,183.0,0.0,25.0,25.115,0.5,789.31,2720.52,1.0
17-10-27_22:33:20,183.0,0.0,25.0,25.115,0.5,789.31,2720.52,1.0
17-10-27_22:33:20,183.0,0.0,25.0,25.115,0.5,789.31,2720.52,1.0
17-10-27_22:33:20,183.0,0.0,25.0,25.115,0.18,789.31,2720.52,1.0
17-10-27_22:33:20,183.0,0.0,25.0,25.115,0.18,789.31,2720.52,1.0
17-10-27_22:33:20,183.0,0.0,25.0,25.115,0.18,789.31,2720.52,1.0
17-10-27_22:33:20,183.0,0.0,25.0,25.115,0.18,789.31,2720.52,1.0
17-10-27_22:33:20,183.0,0.0,25.0,23.3,0.5,789.31,2720.52,1.0
17-10-27_22:33:20,183.0,0.0,25.0,23.3,0.5,789.31,2720.52,1.0
17-10-27_22:33:20,183.0,0.0,25.0,23.3,0.5,789.31,2720.52,1.0
17-10-27_22:33:20,183.0,0.0,25.0,23.3,0.5,789.31,2720.52,1.0
17-10-27_22:33:20,183.0,0.0,25.0,23.3,0.18,789.31,2720.52,1.0
17-10-27_22:33:20,183.0,0.0,25.0,23.3,0.18,789.31,2720.52,1.0
17-10-27_22:33:20,183.0,0.0,25.0,23.3,0.18,789.31,2720.52,1.0
17-10-27_22:33:20,183.0,0.0,25.0,23.3,0.18,789.31,2720.52,1.0
17-10-27_22:33:20,183.0,0.0,25.0,25.115,0.5,789.31,2720.52,1.0
17-10-27_22:33:20,183.0,0.0,25.0,25.115,0.5,789.31,2720.52,1.0
17-10-27_22:33:20,183.0,0.0,25.0,25.115,0.5,789.31,2720.52,1.0
17-10-27_22:33:20,183.0,0.0,25.0,25.115,0.5,789.31,2720.52,1.0
17-10-27_22:33:20,183.0,0.0,25.0,25.115,0.18,789.31,2720.52,1.0
17-10-27_22:33:20,183.0,0.0,25.0,25.115,0.18,789.31,2720.52,1.0
17-10-27_22:33:20,183.0,0.0,25.0,25.115,0.18,789.31,2720.52,1.0
17-10-27_22:33:20,183.0,0.0,25.0,25.115,0.18,789.31,2720.52,1.0
17-10-27_22:33:20,183.0,0.0,2.9,23.3,0.5,789.31,2720.52,1.0
17-10-27_22:33:20,183.0,0.0,2.9,23.3,0.5,789.31,2720.52,1.0
17-10-27_22:33:20,183.0,0.0,2.9,23.3,0.5,789.31,2720.52,1.0
17-10-27_22:33:20,183.0,0.0,2.9,23.3,0.5,789.31,2720.52,1.0
17-10-27_22:33:20,183.0,0.0,2.9,23.3,0.18,789.31,2720.52,1.0
17-10-27_22:33:20,183.0,0.0,2.9,23.3,0.18,789.31,2720.52,1.0
17-10-27_22:33:20,183.0,0.0,2.9,23.3,0.18,789.31,2720.52,1.0
17-10-27_22:33:20,183.0,0.0,2.9,23.3,0.18,789.31,2720.52,1.0
17-10-27_22:33:20,183.0,0.0,2.9,25.115,0.5,789.31,2720.52,1.0
17-10-27_22:33:20,183.0,0.0,2.9,25.115,0.5,789.31,2720.52,1.0
17-10-27_22:33:20,183.0,0.0,2.9,25.115,0.5,789.31,2720.52,1.0
17-10-27_22:33:20,183.0,0.0,2.9,25.115,0.5,789.31,2720.52,1.0
17-10-27_22:33:20,183.0,0.0,2.9,25.115,0.18,789.31,2720.52,1.0
17-10-27_22:33:20,183.0,0.0,2.9,25.115,0.18,789.31,2720.52,1.0
17-10-27_22:33:20,183.0,0.0,2.9,25.115,0.18,789.31,2720.52,1.0
17-10-27_22:33:20,183.0,0.0,2.9,25.115,0.18,789.31,2720.52,1.0
17-10-27_22:33:20,183.0,0.0,2.9,23.3,0.5,789.31,2720.52,1.0
17-10-27_22:33:20,183.0,0.0,2.9,23.3,0.5,789.31,2720.52,1.0
17-10-27_22:33:20,183.0,0.0,2.9,23.3,0.5,789.31,2720.52,1.0
17-10-27_22:33:20,183.0,0.0,2.9,23.3,0.5,789.31,2720.52,1.0
17-10-27_22:33:20,183.0,0.0,2.9,23.3,0.18,789.31,2720.52,1.0
17-10-27_22:33:20,183.0,0.0,2.9,23.3,0.18,789.31,2720.52,1.0
17-10-27_22:33:20,183.0,0.0,2.9,23.3,0.18,789.31,2720.52,1.0
17-10-27_22:33:20,183.0,0.0,2.9,23.3,0.18,789.31,2720.52,1.0
17-10-27_22:33:20,183.0,0.0,2.9,25.115,0.5,789.31,2720.52,1.0
17-10-27_22:33:20,183.0,0.0,2.9,25.115,0.5,789.31,2720.52,1.0
17-10-27_22:33:20,183.0,0.0,2.9,25.115,0.5,789.31,2720.52,1.0
17-10-27_22:33:20,183.0,0.0,2.9,25.115,0.5,789.31,2720.52,1.0
17-10-27_22:33:20,183.0,0.0,2.9,25.115,0.18,789.31,2720.52,1.0
17-10-27_22:33:20,183.0,0.0,2.9,25.115,0.18,789.31,2720.52,1.0
17-10-27_22:33:20,183.0,0.0,2.9,25.115,0.18,789.31,2720.52,1.0
17-10-27_22:33:20,183.0,0.0,2.9,25.115,0.18,789.31,2720.52,1.0
17-10-27_22:33:20,183.0,0.0,2.9,23.3,0.5,789.31,2720.52,1.0
17-10-27_22:33:20,183.0,0.0,2.9,23.3,0.5,789.31,2720.52,1.0
17-10-27_22:33:20,183.0,0.0,2.9,23.3,0.5,789.31,2720.52,1.0
17-10-27_22:33:20,183.0,0.0,2.9,23.3,0.5,789.31,2720.52,1.0
17-10-27_22:33:20,183.0,0.0,2.9,23.3,0.18,789.31,2720.52,1.0
17-10-27_22:33:20,183.0,0.0,2.9,23.3,0.18,789.31,2720.52,1.0
17-10-27_22:33:20,183.0,0.0,2.9,23.3,0.18,789.31,2720.52,1.0
17-10-27_22:33:20,183.0,0.0,2.9,23.3,0.18,789.31,2720.52,1.0
17-10-27_22:33:20,183.0,0.0,2.9,25.115,0.5,789.31,2720.52,1.0
17-10-27_22:33:20,183.0,0.0,2.9,25.115,0.5,789.31,2720.52,1.0
17-10-27_22:33:20,183.0,0.0,2.9,25.115,0.5,789.31,2720.52,1.0
17-10-27_22:33:20,183.0,0.0,2.9,25.115,0.5,789.31,2720.52,1.0
17-10-27_22:33:20,183.0,0.0,2.9,25.115,0.18,789.31,2720.52,1.0
17-10-27_22:33:20,183.0,0.0,2.9,25.115,0.18,789.31,2720.52,1.0
17-10-27_22:33:20,183.0,0.0,2.9,25.115,0.18,789.31,2720.52,1.0
17-10-27_22:33:20,183.0,0.0,2.9,25.115,0.18,789.31,2720.52,1.0
17-10-27_22:33:20,183.0,0.0,28.2,23.3,0.5,789.31,2720.52,1.0
17-10-27_22:33:20,183.0,0.0,28.2,23.3,0.5,789.31,2720.52,1.0
17-10-27_22:33:20,183.0,0.0,28.2,23.3,0.5,789.31,2720.52,1.0
17-10-27_22:33:20,183.0,0.0,28.2,23.3,0.5,789.31,2720.52,1.0
17-10-27_22:33:20,183.0,0.0,28.2,23.3,0.18,789.31,2720.52,1.0
17-10-27_22:33:20,183.0,0.0,28.2,23.3,0.18,789.31,2720.52,1.0
17-10-27_22:33:20,183.0,0.0,28.2,23.3,0.18,789.31,2720.52,1.0
17-10-27_22:33:20,183.0,0.0,28.2,23.3,0.18,789.31,2720.52,1.0
17-10-27_22:33:20,183.0,0.0,28.2,25.115,0.5,789.31,2720.52,1.0
17-10-27_22:33:20,183.0,0.0,28.2,25.115,0.5,789.31,2720.52,1.0
17-10-27_22:33:20,183.0,0.0,28.2,25.115,0.5,789.31,2720.52,1.0
17-10-27_22:33:20,183.0,0.0,28.2,25.115,0.5,789.31,2720.52,1.0
17-10-27_22:33:20,183.0,0.0,28.2,25.115,0.18,789.31,2720.52,1.0
17-10-27_22:33:20,183.0,0.0,28.2,25.115,0.18,789.31,2720.52,1.0
17-10-27_22:33:20,183.0,0.0,28.2,25.115,0.18,789.31,2720.52,1.0
17-10-27_22:33:20,183.0,0.0,28.2,25.115,0.18,789.31,2720.52,1.0
17-10-27_22:33:20,183.0,0.0,28.2,23.3,0.5,789.31,2720.52,1.0
17-10-27_22:33:20,183.0,0.0,28.2,23.3,0.5,789.31,2720.52,1.0
17-10-27_22:33:20,183.0,0.0,28.2,23.3,0.5,789.31,2720.52,1.0
17-10-27_22:33:20,183.0,0.0,28.2,23.3,0.5,789.31,2720.52,1.0
17-10-27_22:33:20,183.0,0.0,28.2,23.3,0.18,789.31,2720.52,1.0
17-10-27_22:33:20,183.0,0.0,28.2,23.3,0.18,789.31,2720.52,1.0
17-10-27_22:33:20,183.0,0.0,28.2,23.3,0.18,789.31,2720.52,1.0
17-10-27_22:33:20,183.0,0.0,28.2,23.3,0.18,789.31,2720.52,1.0
17-10-27_22:33:20,183.0,0.0,28.2,25.115,0.5,789.31,2720.52,1.0
17-10-27_22:33:20,183.0,0.0,28.2,25.115,0.5,789.31,2720.52,1.0
17-10-27_22:33:20,183.0,0.0,28.2,25.115,0.5,789.31,2720.52,1.0
17-10-27_22:33:20,183.0,0.0,28.2,25.115,0.5,789.31,2720.52,1.0
17-10-27_22:33:20,183.0,0.0,28.2,25.115,0.18,789.31,2720.52,1.0
17-10-27_22:33:20,183.0,0.0,28.2,25.115,0.18,789.31,2720.52,1.0
17-10-27_22:33:20,183.0,0.0,28.2,25.115,0.18,789.31,2720.52,1.0
17-10-27_22:33:20,183.0,0.0,28.2,25.115,0.18,789.31,2720.52,1.0
17-10-27_22:39:44,192.0,76.4,0.0,0.625,0.125,33021.055,2432.01,1.0
17-10-27_22:39:44,192.0,28.2,0.0,0.625,0.125,33021.055,2432.01,1.0
17-10-27_22:45:00,192.0,4.4,0.0,0.1,0.1,827.34,1830.11,1.0
17-10-27_22:45:00,192.0,2.4,0.0,0.1,0.1,827.34,1830.11,1.0
17-10-27_22:45:08,192.0,4.9,0.0,0.2,0.1,827.34,1830.11,1.0
17-10-27_22:45:08,192.0,2.9,0.0,0.2,0.1,827.34,1830.11,1.0
17-10-27_22:53:08,180.0,238.5,0.0,0.1,0.1,768.21,1593.78,1.0
17-10-27_22:56:04,180.0,76.4,0.0,23.4,0.375,877.36,2582.66,1.0
17-10-27_22:56:04,180.0,28.2,0.0,23.4,0.375,877.36,2582.66,1.0
17-10-27_22:59:52,190.0,4.8,0.0,15.1,1.1,878.52,1949.61,1.0
17-10-27_22:59:52,190.0,2.6,0.0,15.1,1.1,878.52,1949.61,1.0
17-10-27_22:59:56,190.0,3.9,0.0,60.85,2.6,878.52,1949.61,1.0
17-10-27_22:59:56,190.0,4.0,0.0,60.85,2.6,878.52,1949.61,1.0
17-10-27_22:59:56,190.0,38000.0,0.0,60.85,2.6,878.52,1949.61,1.0
17-10-27_22:59:56,190.0,4000.0,0.0,60.85,2.6,878.52,1949.61,1.0
17-10-27_22:59:56,190.0,1355.9,0.0,60.85,2.6,878.52,1949.61,1.0
17-10-27_22:59:56,190.0,9500.0,0.0,60.85,2.6,878.52,1949.61,1.0
17-10-27_22:59:56,190.0,3000.0,0.0,60.85,2.6,878.52,1949.61,1.0
17-10-27_22:59:56,190.0,32900.0,0.0,60.85,2.6,878.52,1949.61,1.0
17-10-27_22:59:56,190.0,4000.0,0.0,60.85,2.6,878.52,1949.61,1.0
17-10-27_22:59:56,190.0,4000.0,0.0,60.85,2.6,878.52,1949.61,1.0
17-10-27_22:59:56,190.0,4000.0,0.0,60.85,2.6,878.52,1949.61,1.0
17-10-27_22:59:56,190.0,4000.0,0.0,60.85,2.6,878.52,1949.61,1.0
17-10-27_22:59:56,190.0,4000.0,0.0,60.85,2.6,878.52,1949.61,1.0
17-10-27_22:59:56,190.0,4000.0,0.0,60.85,2.6,878.52,1949.61,1.0
17-10-27_22:59:56,190.0,4000.0,0.0,60.85,2.6,878.52,1949.61,1.0
17-10-27_22:59:56,190.0,4000.0,0.0,60.85,2.6,878.52,1949.61,1.0
17-10-27_23:02:48,190.0,76.4,0.0,18.8,0.6,840.36,2227.33,1.0
17-10-27_23:02:48,190.0,28.2,0.0,18.8,0.6,840.36,2227.33,1.0
17-10-27_23:07:07,190.0,238.5,0.0,0.0,0.1,834.86,2294.46,1.0
17-10-27_23:07:08,190.0,23.1,0.0,0.0,0.1,834.86,2294.46,1.0
17-10-27_23:07:08,190.0,23.1,0.0,0.0,0.1,834.86,2294.46,1.0
17-10-27_23:07:08,190.0,23.1,0.0,0.0,0.1,834.86,2294.46,1.0
17-10-27_23:07:08,190.0,23.1,0.0,0.0,0.1,834.86,2294.46,1.0
17-10-27_23:07:08,190.0,23.1,0.0,0.0,0.1,834.86,2294.46,1.0
17-10-27_23:07:08,190.0,23.1,0.0,0.0,0.1,834.86,2294.46,1.0
17-10-27_23:07:08,190.0,23.1,0.0,0.0,0.1,834.86,2294.46,1.0
17-10-27_23:07:08,190.0,23.1,0.0,0.0,0.1,834.86,2294.46,1.0
17-10-27_23:07:08,190.0,23.1,0.0,0.0,0.1,834.86,2294.46,1.0
17-10-27_23:07:08,190.0,23.1,0.0,0.0,0.1,834.86,2294.46,1.0
17-10-27_23:07:08,190.0,23.1,0.0,0.0,0.1,834.86,2294.46,1.0
17-10-27_23:07:08,190.0,23.1,0.0,0.0,0.1,834.86,2294.46,1.0
17-10-27_23:07:08,190.0,23.1,0.0,0.0,0.1,834.86,2294.46,1.0
17-10-27_23:07:08,190.0,23.1,0.0,0.0,0.1,834.86,2294.46,1.0
17-10-27_23:07:08,190.0,23.1,0.0,0.0,0.1,834.86,2294.46,1.0
17-10-27_23:07:08,190.0,23.1,0.0,0.0,0.1,834.86,2294.46,1.0
17-10-27_23:07:08,190.0,4.9,0.0,0.0,0.1,834.86,2294.46,1.0
17-10-27_23:07:08,190.0,4.9,0.0,0.0,0.1,834.86,2294.46,1.0
17-10-27_23:07:08,190.0,4.9,0.0,0.0,0.1,834.86,2294.46,1.0
17-10-27_23:07:08,190.0,4.9,0.0,0.0,0.1,834.86,2294.46,1.0
17-10-27_23:07:08,190.0,4.9,0.0,0.0,0.1,834.86,2294.46,1.0
17-10-27_23:07:08,190.0,4.9,0.0,0.0,0.1,834.86,2294.46,1.0
17-10-27_23:07:08,190.0,4.9,0.0,0.0,0.1,834.86,2294.46,1.0
17-10-27_23:07:08,190.0,4.9,0.0,0.0,0.1,834.86,2294.46,1.0
17-10-27_23:07:08,190.0,4.9,0.0,0.0,0.1,834.86,2294.46,1.0
17-10-27_23:07:08,190.0,4.9,0.0,0.0,0.1,834.86,2294.46,1.0
17-10-27_23:07:08,190.0,4.9,0.0,0.0,0.1,834.86,2294.46,1.0
17-10-27_23:07:08,190.0,4.9,0.0,0.0,0.1,834.86,2294.46,1.0
17-10-27_23:07:08,190.0,4.9,0.0,0.0,0.1,834.86,2294.46,1.0
17-10-27_23:07:08,190.0,4.9,0.0,0.0,0.1,834.86,2294.46,1.0
17-10-27_23:07:08,190.0,4.9,0.0,0.0,0.1,834.86,2294.46,1.0
17-10-27_23:07:08,190.0,4.9,0.0,0.0,0.1,834.86,2294.46,1.0
17-10-27_23:07:08,190.0,2.8,0.0,0.0,0.1,834.86,2294.46,1.0
17-10-27_23:07:08,190.0,2.8,0.0,0.0,0.1,834.86,2294.46,1.0
17-10-27_23:07:08,190.0,2.8,0.0,0.0,0.1,834.86,2294.46,1.0
17-10-27_23:07:08,190.0,2.8,0.0,0.0,0.1,834.86,2294.46,1.0
17-10-27_23:07:08,190.0,2.8,0.0,0.0,0.1,834.86,2294.46,1.0
17-10-27_23:07:08,190.0,2.8,0.0,0.0,0.1,834.86,2294.46,1.0
17-10-27_23:07:08,190.0,2.8,0.0,0.0,0.1,834.86,2294.46,1.0
17-10-27_23:07:08,190.0,2.8,0.0,0.0,0.1,834.86,2294.46,1.0
17-10-27_23:07:08,190.0,2.8,0.0,0.0,0.1,834.86,2294.46,1.0
17-10-27_23:07:08,190.0,2.8,0.0,0.0,0.1,834.86,2294.46,1.0
17-10-27_23:07:08,190.0,2.8,0.0,0.0,0.1,834.86,2294.46,1.0
17-10-27_23:07:08,190.0,2.8,0.0,0.0,0.1,834.86,2294.46,1.0
17-10-27_23:07:08,190.0,2.8,0.0,0.0,0.1,834.86,2294.46,1.0
17-10-27_23:07:08,190.0,2.8,0.0,0.0,0.1,834.86,2294.46,1.0
17-10-27_23:07:08,190.0,2.8,0.0,0.0,0.1,834.86,2294.46,1.0
17-10-27_23:07:08,190.0,2.8,0.0,0.0,0.1,834.86,2294.46,1.0
17-10-27_23:07:17,190.0,4.8,0.0,61.4,3.1,834.86,2294.46,1.0
17-10-27_23:07:17,190.0,2.6,0.0,61.4,3.1,834.86,2294.46,1.0
17-10-27_23:07:20,190.0,3.9,0.0,61.4,3.1,834.86,2294.46,1.0
17-10-27_23:07:20,190.0,3.9,0.0,61.4,3.1,834.86,2294.46,1.0
17-10-27_23:07:20,190.0,3.9,0.0,61.4,3.1,834.86,2294.46,1.0
17-10-27_23:07:20,190.0,3.9,0.0,61.4,3.1,834.86,2294.46,1.0
17-10-27_23:07:20,190.0,3.9,0.0,61.4,3.1,834.86,2294.46,1.0
17-10-27_23:07:20,190.0,3.9,0.0,61.4,3.1,834.86,2294.46,1.0
17-10-27_23:07:20,190.0,3.9,0.0,61.4,3.1,834.86,2294.46,1.0
17-10-27_23:07:20,190.0,3.9,0.0,61.4,3.1,834.86,2294.46,1.0
17-10-27_23:07:20,190.0,3.9,0.0,61.4,3.1,834.86,2294.46,1.0
17-10-27_23:07:20,190.0,3.9,0.0,61.4,3.1,834.86,2294.46,1.0
17-10-27_23:07:20,190.0,3.9,0.0,61.4,3.1,834.86,2294.46,1.0
17-10-27_23:07:20,190.0,3.9,0.0,61.4,3.1,834.86,2294.46,1.0
17-10-27_23:07:20,190.0,3.9,0.0,61.4,3.1,834.86,2294.46,1.0
17-10-27_23:07:20,190.0,3.9,0.0,61.4,3.1,834.86,2294.46,1.0
17-10-27_23:07:20,190.0,3.9,0.0,61.4,3.1,834.86,2294.46,1.0
17-10-27_23:07:20,190.0,3.9,0.0,61.4,3.1,834.86,2294.46,1.0
17-10-27_23:07:20,190.0,3.9,0.0,61.4,3.1,834.86,2294.46,1.0
17-10-27_23:07:20,190.0,3.9,0.0,61.4,3.1,834.86,2294.46,1.0
17-10-27_23:07:20,190.0,3.9,0.0,61.4,0.55,834.86,2294.46,1.0
17-10-27_23:07:20,190.0,3.9,0.0,61.4,0.55,834.86,2294.46,1.0
17-10-27_23:07:20,190.0,3.9,0.0,61.4,0.55,834.86,2294.46,1.0
17-10-27_23:07:20,190.0,3.9,0.0,61.4,0.55,834.86,2294.46,1.0
17-10-27_23:07:20,190.0,3.9,0.0,61.4,0.55,834.86,2294.46,1.0
17-10-27_23:07:20,190.0,3.9,0.0,61.4,0.55,834.86,2294.46,1.0
17-10-27_23:07:20,190.0,3.9,0.0,61.4,0.55,834.86,2294.46,1.0
17-10-27_23:07:20,190.0,3.9,0.0,61.4,0.55,834.86,2294.46,1.0
17-10-27_23:07:20,190.0,3.9,0.0,61.4,0.55,834.86,2294.46,1.0
17-10-27_23:07:20,190.0,3.9,0.0,61.4,3.1,834.86,2294.46,1.0
17-10-27_23:07:20,190.0,3.9,0.0,61.4,3.1,834.86,2294.46,1.0
17-10-27_23:07:20,190.0,3.9,0.0,61.4,3.1,834.86,2294.46,1.0
17-10-27_23:07:20,190.0,3.9,0.0,61.4,3.1,834.86,2294.46,1.0
17-10-27_23:07:20,190.0,3.9,0.0,61.4,3.1,834.86,2294.46,1.0
17-10-27_23:07:20,190.0,3.9,0.0,61.4,3.1,834.86,2294.46,1.0
17-10-27_23:07:20,190.0,3.9,0.0,61.4,3.1,834.86,2294.46,1.0
17-10-27_23:07:20,190.0,3.9,0.0,61.4,3.1,834.86,2294.46,1.0
17-10-27_23:07:20,190.0,3.9,0.0,61.4,3.1,834.86,2294.46,1.0
17-10-27_23:07:20,190.0,3.9,0.0,61.4,3.1,834.86,2294.46,1.0
17-10-27_23:07:20,190.0,3.9,0.0,61.4,3.1,834.86,2294.46,1.0
17-10-27_23:07:20,190.0,3.9,0.0,61.4,3.1,834.86,2294.46,1.0
17-10-27_23:07:20,190.0,3.9,0.0,61.4,3.1,834.86,2294.46,1.0
17-10-27_23:07:20,190.0,3.9,0.0,61.4,3.1,834.86,2294.46,1.0
17-10-27_23:07:20,190.0,3.9,0.0,61.4,3.1,834.86,2294.46,1.0
17-10-27_23:07:20,190.0,3.9,0.0,61.4,3.1,834.86,2294.46,1.0
17-10-27_23:07:20,190.0,3.9,0.0,61.4,3.1,834.86,2294.46,1.0
17-10-27_23:07:20,190.0,3.9,0.0,61.4,3.1,834.86,2294.46,1.0
17-10-27_23:07:20,190.0,3.9,0.0,61.4,0.55,834.86,2294.46,1.0
17-10-27_23:07:20,190.0,3.9,0.0,61.4,0.55,834.86,2294.46,1.0
17-10-27_23:07:20,190.0,3.9,0.0,61.4,0.55,834.86,2294.46,1.0
17-10-27_23:07:20,190.0,3.9,0.0,61.4,0.55,834.86,2294.46,1.0
17-10-27_23:07:20,190.0,3.9,0.0,61.4,0.55,834.86,2294.46,1.0
17-10-27_23:07:20,190.0,3.9,0.0,61.4,0.55,834.86,2294.46,1.0
17-10-27_23:07:20,190.0,3.9,0.0,61.4,0.55,834.86,2294.46,1.0
17-10-27_23:07:20,190.0,3.9,0.0,61.4,0.55,834.86,2294.46,1.0
17-10-27_23:07:20,190.0,3.9,0.0,61.4,0.55,834.86,2294.46,1.0
17-10-27_23:07:20,190.0,3.9,0.0,9.235,3.1,834.86,2294.46,1.0
17-10-27_23:07:20,190.0,3.9,0.0,9.235,3.1,834.86,2294.46,1.0
17-10-27_23:07:20,190.0,3.9,0.0,9.235,3.1,834.86,2294.46,1.0
17-10-27_23:07:20,190.0,3.9,0.0,9.235,3.1,834.86,2294.46,1.0
17-10-27_23:07:20,190.0,3.9,0.0,9.235,3.1,834.86,2294.46,1.0
17-10-27_23:07:20,190.0,3.9,0.0,9.235,3.1,834.86,2294.46,1.0
17-10-27_23:07:20,190.0,3.9,0.0,9.235,3.1,834.86,2294.46,1.0
17-10-27_23:07:20,190.0,3.9,0.0,9.235,3.1,834.86,2294.46,1.0
17-10-27_23:07:20,190.0,3.9,0.0,9.235,3.1,834.86,2294.46,1.0
17-10-27_23:07:20,190.0,3.9,0.0,9.235,3.1,834.86,2294.46,1.0
17-10-27_23:07:20,190.0,3.9,0.0,9.235,3.1,834.86,2294.46,1.0
17-10-27_23:07:20,190.0,3.9,0.0,9.235,3.1,834.86,2294.46,1.0
17-10-27_23:07:20,190.0,3.9,0.0,9.235,3.1,834.86,2294.46,1.0
17-10-27_23:07:20,190.0,3.9,0.0,9.235,3.1,834.86,2294.46,1.0
17-10-27_23:07:20,190.0,3.9,0.0,9.235,3.1,834.86,2294.46,1.0
17-10-27_23:07:20,190.0,3.9,0.0,9.235,3.1,834.86,2294.46,1.0
17-10-27_23:07:20,190.0,3.9,0.0,9.235,3.1,834.86,2294.46,1.0
17-10-27_23:07:20,190.0,3.9,0.0,9.235,3.1,834.86,2294.46,1.0
17-10-27_23:07:20,190.0,3.9,0.0,9.235,0.55,834.86,2294.46,1.0
17-10-27_23:07:20,190.0,3.9,0.0,9.235,0.55,834.86,2294.46,1.0
17-10-27_23:07:20,190.0,3.9,0.0,9.235,0.55,834.86,2294.46,1.0
17-10-27_23:07:20,190.0,3.9,0.0,9.235,0.55,834.86,2294.46,1.0
17-10-27_23:07:20,190.0,3.9,0.0,9.235,0.55,834.86,2294.46,1.0
17-10-27_23:07:20,190.0,3.9,0.0,9.235,0.55,834.86,2294.46,1.0
17-10-27_23:07:20,190.0,3.9,0.0,9.235,0.55,834.86,2294.46,1.0
17-10-27_23:07:20,190.0,3.9,0.0,9.235,0.55,834.86,2294.46,1.0
17-10-27_23:07:20,190.0,3.9,0.0,9.235,0.55,834.86,2294.46,1.0
17-10-27_23:07:20,190.0,4.0,0.0,61.4,3.1,834.86,2294.46,1.0
17-10-27_23:07:20,190.0,4.0,0.0,61.4,3.1,834.86,2294.46,1.0
17-10-27_23:07:20,190.0,4.0,0.0,61.4,3.1,834.86,2294.46,1.0
17-10-27_23:07:20,190.0,4.0,0.0,61.4,3.1,834.86,2294.46,1.0
17-10-27_23:07:20,190.0,4.0,0.0,61.4,3.1,834.86,2294.46,1.0
17-10-27_23:07:20,190.0,4.0,0.0,61.4,3.1,834.86,2294.46,1.0
17-10-27_23:07:20,190.0,4.0,0.0,61.4,3.1,834.86,2294.46,1.0
17-10-27_23:07:20,190.0,4.0,0.0,61.4,3.1,834.86,2294.46,1.0
17-10-27_23:07:20,190.0,4.0,0.0,61.4,3.1,834.86,2294.46,1.0
17-10-27_23:07:20,190.0,4.0,0.0,61.4,3.1,834.86,2294.46,1.0
17-10-27_23:07:20,190.0,4.0,0.0,61.4,3.1,834.86,2294.46,1.0
17-10-27_23:07:20,190.0,4.0,0.0,61.4,3.1,834.86,2294.46,1.0
17-10-27_23:07:20,190.0,4.0,0.0,61.4,3.1,834.86,2294.46,1.0
17-10-27_23:07:20,190.0,4.0,0.0,61.4,3.1,834.86,2294.46,1.0
17-10-27_23:07:20,190.0,4.0,0.0,61.4,3.1,834.86,2294.46,1.0
17-10-27_23:07:20,190.0,4.0,0.0,61.4,3.1,834.86,2294.46,1.0
17-10-27_23:07:20,190.0,4.0,0.0,61.4,3.1,834.86,2294.46,1.0
17-10-27_23:07:20,190.0,4.0,0.0,61.4,3.1,834.86,2294.46,1.0
17-10-27_23:07:20,190.0,4.0,0.0,61.4,0.55,834.86,2294.46,1.0
17-10-27_23:07:20,190.0,4.0,0.0,61.4,0.55,834.86,2294.46,1.0
17-10-27_23:07:20,190.0,4.0,0.0,61.4,0.55,834.86,2294.46,1.0
17-10-27_23:07:20,190.0,4.0,0.0,61.4,0.55,834.86,2294.46,1.0
17-10-27_23:07:20,190.0,4.0,0.0,61.4,0.55,834.86,2294.46,1.0
17-10-27_23:07:20,190.0,4.0,0.0,61.4,0.55,834.86,2294.46,1.0
17-10-27_23:07:20,190.0,4.0,0.0,61.4,0.55,834.86,2294.46,1.0
17-10-27_23:07:20,190.0,4.0,0.0,61.4,0.55,834.86,2294.46,1.0
17-10-27_23:07:20,190.0,4.0,0.0,61.4,0.55,834.86,2294.46,1.0
17-10-27_23:07:20,190.0,4.0,0.0,61.4,3.1,834.86,2294.46,1.0
17-10-27_23:07:20,190.0,4.0,0.0,61.4,3.1,834.86,2294.46,1.0
17-10-27_23:07:20,190.0,4.0,0.0,61.4,3.1,834.86,2294.46,1.0
17-10-27_23:07:20,190.0,4.0,0.0,61.4,3.1,834.86,2294.46,1.0
17-10-27_23:07:20,190.0,4.0,0.0,61.4,3.1,834.86,2294.46,1.0
17-10-27_23:07:20,190.0,4.0,0.0,61.4,3.1,834.86,2294.46,1.0
17-10-27_23:07:20,190.0,4.0,0.0,61.4,3.1,834.86,2294.46,1.0
17-10-27_23:07:20,190.0,4.0,0.0,61.4,3.1,834.86,2294.46,1.0
17-10-27_23:07:20,190.0,4.0,0.0,61.4,3.1,834.86,2294.46,1.0
17-10-27_23:07:20,190.0,4.0,0.0,61.4,3.1,834.86,2294.46,1.0
17-10-27_23:07:20,190.0,4.0,0.0,61.4,3.1,834.86,2294.46,1.0
17-10-27_23:07:20,190.0,4.0,0.0,61.4,3.1,834.86,2294.46,1.0
17-10-27_23:07:20,190.0,4.0,0.0,61.4,3.1,834.86,2294.46,1.0
17-10-27_23:07:20,190.0,4.0,0.0,61.4,3.1,834.86,2294.46,1.0
17-10-27_23:07:20,190.0,4.0,0.0,61.4,3.1,834.86,2294.46,1.0
17-10-27_23:07:20,190.0,4.0,0.0,61.4,3.1,834.86,2294.46,1.0
17-10-27_23:07:20,190.0,4.0,0.0,61.4,3.1,834.86,2294.46,1.0
17-10-27_23:07:20,190.0,4.0,0.0,61.4,3.1,834.86,2294.46,1.0
17-10-27_23:07:20,190.0,4.0,0.0,61.4,0.55,834.86,2294.46,1.0
17-10-27_23:07:20,190.0,4.0,0.0,61.4,0.55,834.86,2294.46,1.0
17-10-27_23:07:20,190.0,4.0,0.0,61.4,0.55,834.86,2294.46,1.0
17-10-27_23:07:20,190.0,4.0,0.0,61.4,0.55,834.86,2294.46,1.0
17-10-27_23:07:20,190.0,4.0,0.0,61.4,0.55,834.86,2294.46,1.0
17-10-27_23:07:20,190.0,4.0,0.0,61.4,0.55,834.86,2294.46,1.0
17-10-27_23:07:20,190.0,4.0,0.0,61.4,0.55,834.86,2294.46,1.0
17-10-27_23:07:20,190.0,4.0,0.0,61.4,0.55,834.86,2294.46,1.0
17-10-27_23:07:20,190.0,4.0,0.0,61.4,0.55,834.86,2294.46,1.0
17-10-27_23:07:20,190.0,4.0,0.0,9.235,3.1,834.86,2294.46,1.0
17-10-27_23:07:20,190.0,4.0,0.0,9.235,3.1,834.86,2294.46,1.0
17-10-27_23:07:20,190.0,4.0,0.0,9.235,3.1,834.86,2294.46,1.0
17-10-27_23:07:20,190.0,4.0,0.0,9.235,3.1,834.86,2294.46,1.0
17-10-27_23:07:20,190.0,4.0,0.0,9.235,3.1,834.86,2294.46,1.0
17-10-27_23:07:20,190.0,4.0,0.0,9.235,3.1,834.86,2294.46,1.0
17-10-27_23:07:20,190.0,4.0,0.0,9.235,3.1,834.86,2294.46,1.0
17-10-27_23:07:20,190.0,4.0,0.0,9.235,3.1,834.86,2294.46,1.0
17-10-27_23:07:20,190.0,4.0,0.0,9.235,3.1,834.86,2294.46,1.0
17-10-27_23:07:20,190.0,4.0,0.0,9.235,3.1,834.86,2294.46,1.0
17-10-27_23:07:20,190.0,4.0,0.0,9.235,3.1,834.86,2294.46,1.0
17-10-27_23:07:20,190.0,4.0,0.0,9.235,3.1,834.86,2294.46,1.0
17-10-27_23:07:20,190.0,4.0,0.0,9.235,3.1,834.86,2294.46,1.0
17-10-27_23:07:20,190.0,4.0,0.0,9.235,3.1,834.86,2294.46,1.0
17-10-27_23:07:20,190.0,4.0,0.0,9.235,3.1,834.86,2294.46,1.0
17-10-27_23:07:20,190.0,4.0,0.0,9.235,3.1,834.86,2294.46,1.0
17-10-27_23:07:20,190.0,4.0,0.0,9.235,3.1,834.86,2294.46,1.0
17-10-27_23:07:20,190.0,4.0,0.0,9.235,3.1,834.86,2294.46,1.0
17-10-27_23:07:20,190.0,4.0,0.0,9.235,0.55,834.86,2294.46,1.0
17-10-27_23:07:20,190.0,4.0,0.0,9.235,0.55,834.86,2294.46,1.0
17-10-27_23:07:20,190.0,4.0,0.0,9.235,0.55,834.86,2294.46,1.0
17-10-27_23:07:20,190.0,4.0,0.0,9.235,0.55,834.86,2294.46,1.0
17-10-27_23:07:20,190.0,4.0,0.0,9.235,0.55,834.86,2294.46,1.0
17-10-27_23:07:20,190.0,4.0,0.0,9.235,0.55,834.86,2294.46,1.0
17-10-27_23:07:20,190.0,4.0,0.0,9.235,0.55,834.86,2294.46,1.0
17-10-27_23:07:20,190.0,4.0,0.0,9.235,0.55,834.86,2294.46,1.0
17-10-27_23:07:20,190.0,4.0,0.0,9.235,0.55,834.86,2294.46,1.0
17-10-27_23:07:20,190.0,38000.0,0.0,61.4,3.1,834.86,2294.46,1.0
17-10-27_23:07:20,190.0,38000.0,0.0,61.4,3.1,834.86,2294.46,1.0
17-10-27_23:07:20,190.0,38000.0,0.0,61.4,3.1,834.86,2294.46,1.0
17-10-27_23:07:20,190.0,38000.0,0.0,61.4,3.1,834.86,2294.46,1.0
17-10-27_23:07:20,190.0,38000.0,0.0,61.4,3.1,834.86,2294.46,1.0
17-10-27_23:07:20,190.0,38000.0,0.0,61.4,3.1,834.86,2294.46,1.0
17-10-27_23:07:20,190.0,38000.0,0.0,61.4,3.1,834.86,2294.46,1.0
17-10-27_23:07:20,190.0,38000.0,0.0,61.4,3.1,834.86,2294.46,1.0
17-10-27_23:07:20,190.0,38000.0,0.0,61.4,3.1,834.86,2294.46,1.0
17-10-27_23:07:20,190.0,38000.0,0.0,61.4,3.1,834.86,2294.46,1.0
17-10-27_23:07:20,190.0,38000.0,0.0,61.4,3.1,834.86,2294.46,1.0
17-10-27_23:07:20,190.0,38000.0,0.0,61.4,3.1,834.86,2294.46,1.0
17-10-27_23:07:20,190.0,38000.0,0.0,61.4,3.1,834.86,2294.46,1.0
17-10-27_23:07:20,190.0,38000.0,0.0,61.4,3.1,834.86,2294.46,1.0
17-10-27_23:07:20,190.0,38000.0,0.0,61.4,3.1,834.86,2294.46,1.0
17-10-27_23:07:20,190.0,38000.0,0.0,61.4,3.1,834.86,2294.46,1.0
17-10-27_23:07:20,190.0,38000.0,0.0,61.4,3.1,834.86,2294.46,1.0
17-10-27_23:07:20,190.0,38000.0,0.0,61.4,3.1,834.86,2294.46,1.0
17-10-27_23:07:20,190.0,38000.0,0.0,61.4,0.55,834.86,2294.46,1.0
17-10-27_23:07:20,190.0,38000.0,0.0,61.4,0.55,834.86,2294.46,1.0
17-10-27_23:07:20,190.0,38000.0,0.0,61.4,0.55,834.86,2294.46,1.0
17-10-27_23:07:20,190.0,38000.0,0.0,61.4,0.55,834.86,2294.46,1.0
17-10-27_23:07:20,190.0,38000.0,0.0,61.4,0.55,834.86,2294.46,1.0
17-10-27_23:07:20,190.0,38000.0,0.0,61.4,0.55,834.86,2294.46,1.0
17-10-27_23:07:20,190.0,38000.0,0.0,61.4,0.55,834.86,2294.46,1.0
17-10-27_23:07:20,190.0,38000.0,0.0,61.4,0.55,834.86,2294.46,1.0
17-10-27_23:07:20,190.0,38000.0,0.0,61.4,0.55,834.86,2294.46,1.0
17-10-27_23:07:20,190.0,38000.0,0.0,61.4,3.1,834.86,2294.46,1.0
17-10-27_23:07:20,190.0,38000.0,0.0,61.4,3.1,834.86,2294.46,1.0
17-10-27_23:07:20,190.0,38000.0,0.0,61.4,3.1,834.86,2294.46,1.0
17-10-27_23:07:20,190.0,38000.0,0.0,61.4,3.1,834.86,2294.46,1.0
17-10-27_23:07:20,190.0,38000.0,0.0,61.4,3.1,834.86,2294.46,1.0
17-10-27_23:07:20,190.0,38000.0,0.0,61.4,3.1,834.86,2294.46,1.0
17-10-27_23:07:20,190.0,38000.0,0.0,61.4,3.1,834.86,2294.46,1.0
17-10-27_23:07:20,190.0,38000.0,0.0,61.4,3.1,834.86,2294.46,1.0
17-10-27_23:07:20,190.0,38000.0,0.0,61.4,3.1,834.86,2294.46,1.0
17-10-27_23:07:20,190.0,38000.0,0.0,61.4,3.1,834.86,2294.46,1.0
17-10-27_23:07:20,190.0,38000.0,0.0,61.4,3.1,834.86,2294.46,1.0
17-10-27_23:07:20,190.0,38000.0,0.0,61.4,3.1,834.86,2294.46,1.0
17-10-27_23:07:20,190.0,38000.0,0.0,61.4,3.1,834.86,2294.46,1.0
17-10-27_23:07:20,190.0,38000.0,0.0,61.4,3.1,834.86,2294.46,1.0
17-10-27_23:07:20,190.0,38000.0,0.0,61.4,3.1,834.86,2294.46,1.0
17-10-27_23:07:20,190.0,38000.0,0.0,61.4,3.1,834.86,2294.46,1.0
17-10-27_23:07:20,190.0,38000.0,0.0,61.4,3.1,834.86,2294.46,1.0
17-10-27_23:07:20,190.0,38000.0,0.0,61.4,3.1,834.86,2294.46,1.0
17-10-27_23:07:20,190.0,38000.0,0.0,61.4,0.55,834.86,2294.46,1.0
17-10-27_23:07:20,190.0,38000.0,0.0,61.4,0.55,834.86,2294.46,1.0
17-10-27_23:07:20,190.0,38000.0,0.0,61.4,0.55,834.86,2294.46,1.0
17-10-27_23:07:20,190.0,38000.0,0.0,61.4,0.55,834.86,2294.46,1.0
17-10-27_23:07:20,190.0,38000.0,0.0,61.4,0.55,834.86,2294.46,1.0
17-10-27_23:07:20,190.0,38000.0,0.0,61.4,0.55,834.86,2294.46,1.0
17-10-27_23:07:20,190.0,38000.0,0.0,61.4,0.55,834.86,2294.46,1.0
17-10-27_23:07:20,190.0,38000.0,0.0,61.4,0.55,834.86,2294.46,1.0
17-10-27_23:07:20,190.0,38000.0,0.0,61.4,0.55,834.86,2294.46,1.0
17-10-27_23:07:20,190.0,38000.0,0.0,9.235,3.1,834.86,2294.46,1.0
17-10-27_23:07:20,190.0,38000.0,0.0,9.235,3.1,834.86,2294.46,1.0
17-10-27_23:07:20,190.0,38000.0,0.0,9.235,3.1,834.86,2294.46,1.0
17-10-27_23:07:20,190.0,38000.0,0.0,9.235,3.1,834.86,2294.46,1.0
17-10-27_23:07:20,190.0,38000.0,0.0,9.235,3.1,834.86,2294.46,1.0
17-10-27_23:07:20,190.0,38000.0,0.0,9.235,3.1,834.86,2294.46,1.0
17-10-27_23:07:20,190.0,38000.0,0.0,9.235,3.1,834.86,2294.46,1.0
17-10-27_23:07:20,190.0,38000.0,0.0,9.235,3.1,834.86,2294.46,1.0
17-10-27_23:07:20,190.0,38000.0,0.0,9.235,3.1,834.86,2294.46,1.0
17-10-27_23:07:20,190.0,38000.0,0.0,9.235,3.1,834.86,2294.46,1.0
17-10-27_23:07:20,190.0,38000.0,0.0,9.235,3.1,834.86,2294.46,1.0
17-10-27_23:07:20,190.0,38000.0,0.0,9.235,3.1,834.86,2294.46,1.0
17-10-27_23:07:20,190.0,38000.0,0.0,9.235,3.1,834.86,2294.46,1.0
17-10-27_23:07:20,190.0,38000.0,0.0,9.235,3.1,834.86,2294.46,1.0
17-10-27_23:07:20,190.0,38000.0,0.0,9.235,3.1,834.86,2294.46,1.0
17-10-27_23:07:20,190.0,38000.0,0.0,9.235,3.1,834.86,2294.46,1.0
17-10-27_23:07:20,190.0,38000.0,0.0,9.235,3.1,834.86,2294.46,1.0
17-10-27_23:07:20,190.0,38000.0,0.0,9.235,3.1,834.86,2294.46,1.0
17-10-27_23:07:20,190.0,38000.0,0.0,9.235,0.55,834.86,2294.46,1.0
17-10-27_23:07:20,190.0,38000.0,0.0,9.235,0.55,834.86,2294.46,1.0
17-10-27_23:07:20,190.0,38000.0,0.0,9.235,0.55,834.86,2294.46,1.0
17-10-27_23:07:20,190.0,38000.0,0.0,9.235,0.55,834.86,2294.46,1.0
17-10-27_23:07:20,190.0,38000.0,0.0,9.235,0.55,834.86,2294.46,1.0
17-10-27_23:07:20,190.0,38000.0,0.0,9.235,0.55,834.86,2294.46,1.0
17-10-27_23:07:20,190.0,38000.0,0.0,9.235,0.55,834.86,2294.46,1.0
17-10-27_23:07:20,190.0,38000.0,0.0,9.235,0.55,834.86,2294.46,1.0
17-10-27_23:07:20,190.0,38000.0,0.0,9.235,0.55,834.86,2294.46,1.0
17-10-27_23:07:20,190.0,4000.0,0.0,61.4,3.1,834.86,2294.46,1.0
17-10-27_23:07:20,190.0,4000.0,0.0,61.4,3.1,834.86,2294.46,1.0
17-10-27_23:07:20,190.0,4000.0,0.0,61.4,3.1,834.86,2294.46,1.0
17-10-27_23:07:20,190.0,4000.0,0.0,61.4,3.1,834.86,2294.46,1.0
17-10-27_23:07:20,190.0,4000.0,0.0,61.4,3.1,834.86,2294.46,1.0
17-10-27_23:07:20,190.0,4000.0,0.0,61.4,3.1,834.86,2294.46,1.0
17-10-27_23:07:20,190.0,4000.0,0.0,61.4,3.1,834.86,2294.46,1.0
17-10-27_23:07:20,190.0,4000.0,0.0,61.4,3.1,834.86,2294.46,1.0
17-10-27_23:07:20,190.0,4000.0,0.0,61.4,3.1,834.86,2294.46,1.0
17-10-27_23:07:20,190.0,4000.0,0.0,61.4,3.1,834.86,2294.46,1.0
17-10-27_23:07:20,190.0,4000.0,0.0,61.4,3.1,834.86,2294.46,1.0
17-10-27_23:07:20,190.0,4000.0,0.0,61.4,3.1,834.86,2294.46,1.0
17-10-27_23:07:20,190.0,4000.0,0.0,61.4,3.1,834.86,2294.46,1.0
17-10-27_23:07:20,190.0,4000.0,0.0,61.4,3.1,834.86,2294.46,1.0
17-10-27_23:07:20,190.0,4000.0,0.0,61.4,3.1,834.86,2294.46,1.0
17-10-27_23:07:20,190.0,4000.0,0.0,61.4,3.1,834.86,2294.46,1.0
17-10-27_23:07:20,190.0,4000.0,0.0,61.4,3.1,834.86,2294.46,1.0
17-10-27_23:07:20,190.0,4000.0,0.0,61.4,3.1,834.86,2294.46,1.0
17-10-27_23:07:20,190.0,4000.0,0.0,61.4,0.55,834.86,2294.46,1.0
17-10-27_23:07:20,190.0,4000.0,0.0,61.4,0.55,834.86,2294.46,1.0
17-10-27_23:07:20,190.0,4000.0,0.0,61.4,0.55,834.86,2294.46,1.0
17-10-27_23:07:20,190.0,4000.0,0.0,61.4,0.55,834.86,2294.46,1.0
17-10-27_23:07:20,190.0,4000.0,0.0,61.4,0.55,834.86,2294.46,1.0
17-10-27_23:07:20,190.0,4000.0,0.0,61.4,0.55,834.86,2294.46,1.0
17-10-27_23:07:20,190.0,4000.0,0.0,61.4,0.55,834.86,2294.46,1.0
17-10-27_23:07:20,190.0,4000.0,0.0,61.4,0.55,834.86,2294.46,1.0
17-10-27_23:07:20,190.0,4000.0,0.0,61.4,0.55,834.86,2294.46,1.0
17-10-27_23:07:20,190.0,4000.0,0.0,61.4,3.1,834.86,2294.46,1.0
17-10-27_23:07:20,190.0,4000.0,0.0,61.4,3.1,834.86,2294.46,1.0
17-10-27_23:07:20,190.0,4000.0,0.0,61.4,3.1,834.86,2294.46,1.0
17-10-27_23:07:20,190.0,4000.0,0.0,61.4,3.1,834.86,2294.46,1.0
17-10-27_23:07:20,190.0,4000.0,0.0,61.4,3.1,834.86,2294.46,1.0
17-10-27_23:07:20,190.0,4000.0,0.0,61.4,3.1,834.86,2294.46,1.0
17-10-27_23:07:20,190.0,4000.0,0.0,61.4,3.1,834.86,2294.46,1.0
17-10-27_23:07:20,190.0,4000.0,0.0,61.4,3.1,834.86,2294.46,1.0
17-10-27_23:07:20,190.0,4000.0,0.0,61.4,3.1,834.86,2294.46,1.0
17-10-27_23:07:20,190.0,4000.0,0.0,61.4,3.1,834.86,2294.46,1.0
17-10-27_23:07:20,190.0,4000.0,0.0,61.4,3.1,834.86,2294.46,1.0
17-10-27_23:07:20,190.0,4000.0,0.0,61.4,3.1,834.86,2294.46,1.0
17-10-27_23:07:20,190.0,4000.0,0.0,61.4,3.1,834.86,2294.46,1.0
17-10-27_23:07:20,190.0,4000.0,0.0,61.4,3.1,834.86,2294.46,1.0
17-10-27_23:07:20,190.0,4000.0,0.0,61.4,3.1,834.86,2294.46,1.0
17-10-27_23:07:20,190.0,4000.0,0.0,61.4,3.1,834.86,2294.46,1.0
17-10-27_23:07:20,190.0,4000.0,0.0,61.4,3.1,834.86,2294.46,1.0
17-10-27_23:07:20,190.0,4000.0,0.0,61.4,3.1,834.86,2294.46,1.0
17-10-27_23:07:20,190.0,4000.0,0.0,61.4,0.55,834.86,2294.46,1.0
17-10-27_23:07:20,190.0,4000.0,0.0,61.4,0.55,834.86,2294.46,1.0
17-10-27_23:07:20,190.0,4000.0,0.0,61.4,0.55,834.86,2294.46,1.0
17-10-27_23:07:20,190.0,4000.0,0.0,61.4,0.55,834.86,2294.46,1.0
17-10-27_23:07:20,190.0,4000.0,0.0,61.4,0.55,834.86,2294.46,1.0
17-10-27_23:07:20,190.0,4000.0,0.0,61.4,0.55,834.86,2294.46,1.0
17-10-27_23:07:20,190.0,4000.0,0.0,61.4,0.55,834.86,2294.46,1.0
17-10-27_23:07:20,190.0,4000.0,0.0,61.4,0.55,834.86,2294.46,1.0
17-10-27_23:07:20,190.0,4000.0,0.0,61.4,0.55,834.86,2294.46,1.0
17-10-27_23:07:20,190.0,4000.0,0.0,9.235,3.1,834.86,2294.46,1.0
17-10-27_23:07:20,190.0,4000.0,0.0,9.235,3.1,834.86,2294.46,1.0
17-10-27_23:07:20,190.0,4000.0,0.0,9.235,3.1,834.86,2294.46,1.0
17-10-27_23:07:20,190.0,4000.0,0.0,9.235,3.1,834.86,2294.46,1.0
17-10-27_23:07:20,190.0,4000.0,0.0,9.235,3.1,834.86,2294.46,1.0
17-10-27_23:07:20,190.0,4000.0,0.0,9.235,3.1,834.86,2294.46,1.0
17-10-27_23:07:20,190.0,4000.0,0.0,9.235,3.1,834.86,2294.46,1.0
17-10-27_23:07:20,190.0,4000.0,0.0,9.235,3.1,834.86,2294.46,1.0
17-10-27_23:07:20,190.0,4000.0,0.0,9.235,3.1,834.86,2294.46,1.0
17-10-27_23:07:20,190.0,4000.0,0.0,9.235,3.1,834.86,2294.46,1.0
17-10-27_23:07:20,190.0,4000.0,0.0,9.235,3.1,834.86,2294.46,1.0
17-10-27_23:07:20,190.0,4000.0,0.0,9.235,3.1,834.86,2294.46,1.0
17-10-27_23:07:20,190.0,4000.0,0.0,9.235,3.1,834.86,2294.46,1.0
17-10-27_23:07:20,190.0,4000.0,0.0,9.235,3.1,834.86,2294.46,1.0
17-10-27_23:07:20,190.0,4000.0,0.0,9.235,3.1,834.86,2294.46,1.0
17-10-27_23:07:20,190.0,4000.0,0.0,9.235,3.1,834.86,2294.46,1.0
17-10-27_23:07:20,190.0,4000.0,0.0,9.235,3.1,834.86,2294.46,1.0
17-10-27_23:07:20,190.0,4000.0,0.0,9.235,3.1,834.86,2294.46,1.0
17-10-27_23:07:20,190.0,4000.0,0.0,9.235,0.55,834.86,2294.46,1.0
17-10-27_23:07:20,190.0,4000.0,0.0,9.235,0.55,834.86,2294.46,1.0
17-10-27_23:07:20,190.0,4000.0,0.0,9.235,0.55,834.86,2294.46,1.0
17-10-27_23:07:20,190.0,4000.0,0.0,9.235,0.55,834.86,2294.46,1.0
17-10-27_23:07:20,190.0,4000.0,0.0,9.235,0.55,834.86,2294.46,1.0
17-10-27_23:07:20,190.0,4000.0,0.0,9.235,0.55,834.86,2294.46,1.0
17-10-27_23:07:20,190.0,4000.0,0.0,9.235,0.55,834.86,2294.46,1.0
17-10-27_23:07:20,190.0,4000.0,0.0,9.235,0.55,834.86,2294.46,1.0
17-10-27_23:07:20,190.0,4000.0,0.0,9.235,0.55,834.86,2294.46,1.0
17-10-27_23:07:20,190.0,1355.9,0.0,61.4,3.1,834.86,2294.46,1.0
17-10-27_23:07:20,190.0,1355.9,0.0,61.4,3.1,834.86,2294.46,1.0
17-10-27_23:07:20,190.0,1355.9,0.0,61.4,3.1,834.86,2294.46,1.0
17-10-27_23:07:20,190.0,1355.9,0.0,61.4,3.1,834.86,2294.46,1.0
17-10-27_23:07:20,190.0,1355.9,0.0,61.4,3.1,834.86,2294.46,1.0
17-10-27_23:07:20,190.0,1355.9,0.0,61.4,3.1,834.86,2294.46,1.0
17-10-27_23:07:20,190.0,1355.9,0.0,61.4,3.1,834.86,2294.46,1.0
17-10-27_23:07:20,190.0,1355.9,0.0,61.4,3.1,834.86,2294.46,1.0
17-10-27_23:07:20,190.0,1355.9,0.0,61.4,3.1,834.86,2294.46,1.0
17-10-27_23:07:20,190.0,1355.9,0.0,61.4,3.1,834.86,2294.46,1.0
17-10-27_23:07:20,190.0,1355.9,0.0,61.4,3.1,834.86,2294.46,1.0
17-10-27_23:07:20,190.0,1355.9,0.0,61.4,3.1,834.86,2294.46,1.0
17-10-27_23:07:20,190.0,1355.9,0.0,61.4,3.1,834.86,2294.46,1.0
17-10-27_23:07:20,190.0,1355.9,0.0,61.4,3.1,834.86,2294.46,1.0
17-10-27_23:07:20,190.0,1355.9,0.0,61.4,3.1,834.86,2294.46,1.0
17-10-27_23:07:20,190.0,1355.9,0.0,61.4,3.1,834.86,2294.46,1.0
17-10-27_23:07:20,190.0,1355.9,0.0,61.4,3.1,834.86,2294.46,1.0
17-10-27_23:07:20,190.0,1355.9,0.0,61.4,3.1,834.86,2294.46,1.0
17-10-27_23:07:20,190.0,1355.9,0.0,61.4,0.55,834.86,2294.46,1.0
17-10-27_23:07:20,190.0,1355.9,0.0,61.4,0.55,834.86,2294.46,1.0
17-10-27_23:07:20,190.0,1355.9,0.0,61.4,0.55,834.86,2294.46,1.0
17-10-27_23:07:20,190.0,1355.9,0.0,61.4,0.55,834.86,2294.46,1.0
17-10-27_23:07:20,190.0,1355.9,0.0,61.4,0.55,834.86,2294.46,1.0
17-10-27_23:07:20,190.0,1355.9,0.0,61.4,0.55,834.86,2294.46,1.0
17-10-27_23:07:20,190.0,1355.9,0.0,61.4,0.55,834.86,2294.46,1.0
17-10-27_23:07:20,190.0,1355.9,0.0,61.4,0.55,834.86,2294.46,1.0
17-10-27_23:07:20,190.0,1355.9,0.0,61.4,0.55,834.86,2294.46,1.0
17-10-27_23:07:20,190.0,1355.9,0.0,61.4,3.1,834.86,2294.46,1.0
17-10-27_23:07:20,190.0,1355.9,0.0,61.4,3.1,834.86,2294.46,1.0
17-10-27_23:07:20,190.0,1355.9,0.0,61.4,3.1,834.86,2294.46,1.0
17-10-27_23:07:20,190.0,1355.9,0.0,61.4,3.1,834.86,2294.46,1.0
17-10-27_23:07:20,190.0,1355.9,0.0,61.4,3.1,834.86,2294.46,1.0
17-10-27_23:07:20,190.0,1355.9,0.0,61.4,3.1,834.86,2294.46,1.0
17-10-27_23:07:20,190.0,1355.9,0.0,61.4,3.1,834.86,2294.46,1.0
17-10-27_23:07:20,190.0,1355.9,0.0,61.4,3.1,834.86,2294.46,1.0
17-10-27_23:07:20,190.0,1355.9,0.0,61.4,3.1,834.86,2294.46,1.0
17-10-27_23:07:20,190.0,1355.9,0.0,61.4,3.1,834.86,2294.46,1.0
17-10-27_23:07:20,190.0,1355.9,0.0,61.4,3.1,834.86,2294.46,1.0
17-10-27_23:07:20,190.0,1355.9,0.0,61.4,3.1,834.86,2294.46,1.0
17-10-27_23:07:20,190.0,1355.9,0.0,61.4,3.1,834.86,2294.46,1.0
17-10-27_23:07:20,190.0,1355.9,0.0,61.4,3.1,834.86,2294.46,1.0
17-10-27_23:07:20,190.0,1355.9,0.0,61.4,3.1,834.86,2294.46,1.0
17-10-27_23:07:20,190.0,1355.9,0.0,61.4,3.1,834.86,2294.46,1.0
17-10-27_23:07:20,190.0,1355.9,0.0,61.4,3.1,834.86,2294.46,1.0
17-10-27_23:07:20,190.0,1355.9,0.0,61.4,3.1,834.86,2294.46,1.0
17-10-27_23:07:20,190.0,1355.9,0.0,61.4,0.55,834.86,2294.46,1.0
17-10-27_23:07:20,190.0,1355.9,0.0,61.4,0.55,834.86,2294.46,1.0
17-10-27_23:07:20,190.0,1355.9,0.0,61.4,0.55,834.86,2294.46,1.0
17-10-27_23:07:20,190.0,1355.9,0.0,61.4,0.55,834.86,2294.46,1.0
17-10-27_23:07:20,190.0,1355.9,0.0,61.4,0.55,834.86,2294.46,1.0
17-10-27_23:07:20,190.0,1355.9,0.0,61.4,0.55,834.86,2294.46,1.0
17-10-27_23:07:20,190.0,1355.9,0.0,61.4,0.55,834.86,2294.46,1.0
17-10-27_23:07:20,190.0,1355.9,0.0,61.4,0.55,834.86,2294.46,1.0
17-10-27_23:07:20,190.0,1355.9,0.0,61.4,0.55,834.86,2294.46,1.0
17-10-27_23:07:20,190.0,1355.9,0.0,9.235,3.1,834.86,2294.46,1.0
17-10-27_23:07:20,190.0,1355.9,0.0,9.235,3.1,834.86,2294.46,1.0
17-10-27_23:07:20,190.0,1355.9,0.0,9.235,3.1,834.86,2294.46,1.0
17-10-27_23:07:20,190.0,1355.9,0.0,9.235,3.1,834.86,2294.46,1.0
17-10-27_23:07:20,190.0,1355.9,0.0,9.235,3.1,834.86,2294.46,1.0
17-10-27_23:07:20,190.0,1355.9,0.0,9.235,3.1,834.86,2294.46,1.0
17-10-27_23:07:20,190.0,1355.9,0.0,9.235,3.1,834.86,2294.46,1.0
17-10-27_23:07:20,190.0,1355.9,0.0,9.235,3.1,834.86,2294.46,1.0
17-10-27_23:07:20,190.0,1355.9,0.0,9.235,3.1,834.86,2294.46,1.0
17-10-27_23:07:20,190.0,1355.9,0.0,9.235,3.1,834.86,2294.46,1.0
17-10-27_23:07:20,190.0,1355.9,0.0,9.235,3.1,834.86,2294.46,1.0
17-10-27_23:07:20,190.0,1355.9,0.0,9.235,3.1,834.86,2294.46,1.0
17-10-27_23:07:20,190.0,1355.9,0.0,9.235,3.1,834.86,2294.46,1.0
17-10-27_23:07:20,190.0,1355.9,0.0,9.235,3.1,834.86,2294.46,1.0
17-10-27_23:07:20,190.0,1355.9,0.0,9.235,3.1,834.86,2294.46,1.0
17-10-27_23:07:20,190.0,1355.9,0.0,9.235,3.1,834.86,2294.46,1.0
17-10-27_23:07:20,190.0,1355.9,0.0,9.235,3.1,834.86,2294.46,1.0
17-10-27_23:07:20,190.0,1355.9,0.0,9.235,3.1,834.86,2294.46,1.0
17-10-27_23:07:20,190.0,1355.9,0.0,9.235,0.55,834.86,2294.46,1.0
17-10-27_23:07:20,190.0,1355.9,0.0,9.235,0.55,834.86,2294.46,1.0
17-10-27_23:07:20,190.0,1355.9,0.0,9.235,0.55,834.86,2294.46,1.0
17-10-27_23:07:20,190.0,1355.9,0.0,9.235,0.55,834.86,2294.46,1.0
17-10-27_23:07:20,190.0,1355.9,0.0,9.235,0.55,834.86,2294.46,1.0
17-10-27_23:07:20,190.0,1355.9,0.0,9.235,0.55,834.86,2294.46,1.0
17-10-27_23:07:20,190.0,1355.9,0.0,9.235,0.55,834.86,2294.46,1.0
17-10-27_23:07:20,190.0,1355.9,0.0,9.235,0.55,834.86,2294.46,1.0
17-10-27_23:07:20,190.0,1355.9,0.0,9.235,0.55,834.86,2294.46,1.0
17-10-27_23:07:20,190.0,9500.0,0.0,61.4,3.1,834.86,2294.46,1.0
17-10-27_23:07:20,190.0,9500.0,0.0,61.4,3.1,834.86,2294.46,1.0
17-10-27_23:07:20,190.0,9500.0,0.0,61.4,3.1,834.86,2294.46,1.0
17-10-27_23:07:20,190.0,9500.0,0.0,61.4,3.1,834.86,2294.46,1.0
17-10-27_23:07:20,190.0,9500.0,0.0,61.4,3.1,834.86,2294.46,1.0
17-10-27_23:07:20,190.0,9500.0,0.0,61.4,3.1,834.86,2294.46,1.0
17-10-27_23:07:20,190.0,9500.0,0.0,61.4,3.1,834.86,2294.46,1.0
17-10-27_23:07:20,190.0,9500.0,0.0,61.4,3.1,834.86,2294.46,1.0
17-10-27_23:07:20,190.0,9500.0,0.0,61.4,3.1,834.86,2294.46,1.0
17-10-27_23:07:20,190.0,9500.0,0.0,61.4,3.1,834.86,2294.46,1.0
17-10-27_23:07:20,190.0,9500.0,0.0,61.4,3.1,834.86,2294.46,1.0
17-10-27_23:07:20,190.0,9500.0,0.0,61.4,3.1,834.86,2294.46,1.0
17-10-27_23:07:20,190.0,9500.0,0.0,61.4,3.1,834.86,2294.46,1.0
17-10-27_23:07:20,190.0,9500.0,0.0,61.4,3.1,834.86,2294.46,1.0
17-10-27_23:07:20,190.0,9500.0,0.0,61.4,3.1,834.86,2294.46,1.0
17-10-27_23:07:20,190.0,9500.0,0.0,61.4,3.1,834.86,2294.46,1.0
17-10-27_23:07:20,190.0,9500.0,0.0,61.4,3.1,834.86,2294.46,1.0
17-10-27_23:07:20,190.0,9500.0,0.0,61.4,3.1,834.86,2294.46,1.0
17-10-27_23:07:20,190.0,9500.0,0.0,61.4,0.55,834.86,2294.46,1.0
17-10-27_23:07:20,190.0,9500.0,0.0,61.4,0.55,834.86,2294.46,1.0
17-10-27_23:07:20,190.0,9500.0,0.0,61.4,0.55,834.86,2294.46,1.0
17-10-27_23:07:20,190.0,9500.0,0.0,61.4,0.55,834.86,2294.46,1.0
17-10-27_23:07:20,190.0,9500.0,0.0,61.4,0.55,834.86,2294.46,1.0
17-10-27_23:07:20,190.0,9500.0,0.0,61.4,0.55,834.86,2294.46,1.0
17-10-27_23:07:20,190.0,9500.0,0.0,61.4,0.55,834.86,2294.46,1.0
17-10-27_23:07:20,190.0,9500.0,0.0,61.4,0.55,834.86,2294.46,1.0
17-10-27_23:07:20,190.0,9500.0,0.0,61.4,0.55,834.86,2294.46,1.0
17-10-27_23:07:20,190.0,9500.0,0.0,61.4,3.1,834.86,2294.46,1.0
17-10-27_23:07:20,190.0,9500.0,0.0,61.4,3.1,834.86,2294.46,1.0
17-10-27_23:07:20,190.0,9500.0,0.0,61.4,3.1,834.86,2294.46,1.0
17-10-27_23:07:20,190.0,9500.0,0.0,61.4,3.1,834.86,2294.46,1.0
17-10-27_23:07:20,190.0,9500.0,0.0,61.4,3.1,834.86,2294.46,1.0
17-10-27_23:07:20,190.0,9500.0,0.0,61.4,3.1,834.86,2294.46,1.0
17-10-27_23:07:20,190.0,9500.0,0.0,61.4,3.1,834.86,2294.46,1.0
17-10-27_23:07:20,190.0,9500.0,0.0,61.4,3.1,834.86,2294.46,1.0
17-10-27_23:07:20,190.0,9500.0,0.0,61.4,3.1,834.86,2294.46,1.0
17-10-27_23:07:20,190.0,9500.0,0.0,61.4,3.1,834.86,2294.46,1.0
17-10-27_23:07:20,190.0,9500.0,0.0,61.4,3.1,834.86,2294.46,1.0
17-10-27_23:07:20,190.0,9500.0,0.0,61.4,3.1,834.86,2294.46,1.0
17-10-27_23:07:20,190.0,9500.0,0.0,61.4,3.1,834.86,2294.46,1.0
17-10-27_23:07:20,190.0,9500.0,0.0,61.4,3.1,834.86,2294.46,1.0
17-10-27_23:07:20,190.0,9500.0,0.0,61.4,3.1,834.86,2294.46,1.0
17-10-27_23:07:20,190.0,9500.0,0.0,61.4,3.1,834.86,2294.46,1.0
17-10-27_23:07:20,190.0,9500.0,0.0,61.4,3.1,834.86,2294.46,1.0
17-10-27_23:07:20,190.0,9500.0,0.0,61.4,3.1,834.86,2294.46,1.0
17-10-27_23:07:20,190.0,9500.0,0.0,61.4,0.55,834.86,2294.46,1.0
17-10-27_23:07:20,190.0,9500.0,0.0,61.4,0.55,834.86,2294.46,1.0
17-10-27_23:07:20,190.0,9500.0,0.0,61.4,0.55,834.86,2294.46,1.0
17-10-27_23:07:20,190.0,9500.0,0.0,61.4,0.55,834.86,2294.46,1.0
17-10-27_23:07:20,190.0,9500.0,0.0,61.4,0.55,834.86,2294.46,1.0
17-10-27_23:07:20,190.0,9500.0,0.0,61.4,0.55,834.86,2294.46,1.0
17-10-27_23:07:20,190.0,9500.0,0.0,61.4,0.55,834.86,2294.46,1.0
17-10-27_23:07:20,190.0,9500.0,0.0,61.4,0.55,834.86,2294.46,1.0
17-10-27_23:07:20,190.0,9500.0,0.0,61.4,0.55,834.86,2294.46,1.0
17-10-27_23:07:20,190.0,9500.0,0.0,9.235,3.1,834.86,2294.46,1.0
17-10-27_23:07:20,190.0,9500.0,0.0,9.235,3.1,834.86,2294.46,1.0
17-10-27_23:07:20,190.0,9500.0,0.0,9.235,3.1,834.86,2294.46,1.0
17-10-27_23:07:20,190.0,9500.0,0.0,9.235,3.1,834.86,2294.46,1.0
17-10-27_23:07:20,190.0,9500.0,0.0,9.235,3.1,834.86,2294.46,1.0
17-10-27_23:07:20,190.0,9500.0,0.0,9.235,3.1,834.86,2294.46,1.0
17-10-27_23:07:20,190.0,9500.0,0.0,9.235,3.1,834.86,2294.46,1.0
17-10-27_23:07:20,190.0,9500.0,0.0,9.235,3.1,834.86,2294.46,1.0
17-10-27_23:07:20,190.0,9500.0,0.0,9.235,3.1,834.86,2294.46,1.0
17-10-27_23:07:20,190.0,9500.0,0.0,9.235,3.1,834.86,2294.46,1.0
17-10-27_23:07:20,190.0,9500.0,0.0,9.235,3.1,834.86,2294.46,1.0
17-10-27_23:07:20,190.0,9500.0,0.0,9.235,3.1,834.86,2294.46,1.0
17-10-27_23:07:20,190.0,9500.0,0.0,9.235,3.1,834.86,2294.46,1.0
17-10-27_23:07:20,190.0,9500.0,0.0,9.235,3.1,834.86,2294.46,1.0
17-10-27_23:07:20,190.0,9500.0,0.0,9.235,3.1,834.86,2294.46,1.0
17-10-27_23:07:20,190.0,9500.0,0.0,9.235,3.1,834.86,2294.46,1.0
17-10-27_23:07:20,190.0,9500.0,0.0,9.235,3.1,834.86,2294.46,1.0
17-10-27_23:07:20,190.0,9500.0,0.0,9.235,3.1,834.86,2294.46,1.0
17-10-27_23:07:20,190.0,9500.0,0.0,9.235,0.55,834.86,2294.46,1.0
17-10-27_23:07:20,190.0,9500.0,0.0,9.235,0.55,834.86,2294.46,1.0
17-10-27_23:07:20,190.0,9500.0,0.0,9.235,0.55,834.86,2294.46,1.0
17-10-27_23:07:20,190.0,9500.0,0.0,9.235,0.55,834.86,2294.46,1.0
17-10-27_23:07:20,190.0,9500.0,0.0,9.235,0.55,834.86,2294.46,1.0
17-10-27_23:07:20,190.0,9500.0,0.0,9.235,0.55,834.86,2294.46,1.0
17-10-27_23:07:20,190.0,9500.0,0.0,9.235,0.55,834.86,2294.46,1.0
17-10-27_23:07:20,190.0,9500.0,0.0,9.235,0.55,834.86,2294.46,1.0
17-10-27_23:07:20,190.0,9500.0,0.0,9.235,0.55,834.86,2294.46,1.0
17-10-27_23:07:20,190.0,3000.0,0.0,61.4,3.1,834.86,2294.46,1.0
17-10-27_23:07:20,190.0,3000.0,0.0,61.4,3.1,834.86,2294.46,1.0
17-10-27_23:07:20,190.0,3000.0,0.0,61.4,3.1,834.86,2294.46,1.0
17-10-27_23:07:20,190.0,3000.0,0.0,61.4,3.1,834.86,2294.46,1.0
17-10-27_23:07:20,190.0,3000.0,0.0,61.4,3.1,834.86,2294.46,1.0
17-10-27_23:07:20,190.0,3000.0,0.0,61.4,3.1,834.86,2294.46,1.0
17-10-27_23:07:20,190.0,3000.0,0.0,61.4,3.1,834.86,2294.46,1.0
17-10-27_23:07:20,190.0,3000.0,0.0,61.4,3.1,834.86,2294.46,1.0
17-10-27_23:07:20,190.0,3000.0,0.0,61.4,3.1,834.86,2294.46,1.0
17-10-27_23:07:20,190.0,3000.0,0.0,61.4,3.1,834.86,2294.46,1.0
17-10-27_23:07:20,190.0,3000.0,0.0,61.4,3.1,834.86,2294.46,1.0
17-10-27_23:07:20,190.0,3000.0,0.0,61.4,3.1,834.86,2294.46,1.0
17-10-27_23:07:20,190.0,3000.0,0.0,61.4,3.1,834.86,2294.46,1.0
17-10-27_23:07:20,190.0,3000.0,0.0,61.4,3.1,834.86,2294.46,1.0
17-10-27_23:07:20,190.0,3000.0,0.0,61.4,3.1,834.86,2294.46,1.0
17-10-27_23:07:20,190.0,3000.0,0.0,61.4,3.1,834.86,2294.46,1.0
17-10-27_23:07:20,190.0,3000.0,0.0,61.4,3.1,834.86,2294.46,1.0
17-10-27_23:07:20,190.0,3000.0,0.0,61.4,3.1,834.86,2294.46,1.0
17-10-27_23:07:20,190.0,3000.0,0.0,61.4,0.55,834.86,2294.46,1.0
17-10-27_23:07:20,190.0,3000.0,0.0,61.4,0.55,834.86,2294.46,1.0
17-10-27_23:07:20,190.0,3000.0,0.0,61.4,0.55,834.86,2294.46,1.0
17-10-27_23:07:20,190.0,3000.0,0.0,61.4,0.55,834.86,2294.46,1.0
17-10-27_23:07:20,190.0,3000.0,0.0,61.4,0.55,834.86,2294.46,1.0
17-10-27_23:07:20,190.0,3000.0,0.0,61.4,0.55,834.86,2294.46,1.0
17-10-27_23:07:20,190.0,3000.0,0.0,61.4,0.55,834.86,2294.46,1.0
17-10-27_23:07:20,190.0,3000.0,0.0,61.4,0.55,834.86,2294.46,1.0
17-10-27_23:07:20,190.0,3000.0,0.0,61.4,0.55,834.86,2294.46,1.0
17-10-27_23:07:20,190.0,3000.0,0.0,61.4,3.1,834.86,2294.46,1.0
17-10-27_23:07:20,190.0,3000.0,0.0,61.4,3.1,834.86,2294.46,1.0
17-10-27_23:07:20,190.0,3000.0,0.0,61.4,3.1,834.86,2294.46,1.0
17-10-27_23:07:20,190.0,3000.0,0.0,61.4,3.1,834.86,2294.46,1.0
17-10-27_23:07:20,190.0,3000.0,0.0,61.4,3.1,834.86,2294.46,1.0
17-10-27_23:07:20,190.0,3000.0,0.0,61.4,3.1,834.86,2294.46,1.0
17-10-27_23:07:20,190.0,3000.0,0.0,61.4,3.1,834.86,2294.46,1.0
17-10-27_23:07:20,190.0,3000.0,0.0,61.4,3.1,834.86,2294.46,1.0
17-10-27_23:07:20,190.0,3000.0,0.0,61.4,3.1,834.86,2294.46,1.0
17-10-27_23:07:20,190.0,3000.0,0.0,61.4,3.1,834.86,2294.46,1.0
17-10-27_23:07:20,190.0,3000.0,0.0,61.4,3.1,834.86,2294.46,1.0
17-10-27_23:07:20,190.0,3000.0,0.0,61.4,3.1,834.86,2294.46,1.0
17-10-27_23:07:20,190.0,3000.0,0.0,61.4,3.1,834.86,2294.46,1.0
17-10-27_23:07:20,190.0,3000.0,0.0,61.4,3.1,834.86,2294.46,1.0
17-10-27_23:07:20,190.0,3000.0,0.0,61.4,3.1,834.86,2294.46,1.0
17-10-27_23:07:20,190.0,3000.0,0.0,61.4,3.1,834.86,2294.46,1.0
17-10-27_23:07:20,190.0,3000.0,0.0,61.4,3.1,834.86,2294.46,1.0
17-10-27_23:07:20,190.0,3000.0,0.0,61.4,3.1,834.86,2294.46,1.0
17-10-27_23:07:20,190.0,3000.0,0.0,61.4,0.55,834.86,2294.46,1.0
17-10-27_23:07:20,190.0,3000.0,0.0,61.4,0.55,834.86,2294.46,1.0
17-10-27_23:07:20,190.0,3000.0,0.0,61.4,0.55,834.86,2294.46,1.0
17-10-27_23:07:20,190.0,3000.0,0.0,61.4,0.55,834.86,2294.46,1.0
17-10-27_23:07:20,190.0,3000.0,0.0,61.4,0.55,834.86,2294.46,1.0
17-10-27_23:07:20,190.0,3000.0,0.0,61.4,0.55,834.86,2294.46,1.0
17-10-27_23:07:20,190.0,3000.0,0.0,61.4,0.55,834.86,2294.46,1.0
17-10-27_23:07:20,190.0,3000.0,0.0,61.4,0.55,834.86,2294.46,1.0
17-10-27_23:07:20,190.0,3000.0,0.0,61.4,0.55,834.86,2294.46,1.0
17-10-27_23:07:20,190.0,3000.0,0.0,9.235,3.1,834.86,2294.46,1.0
17-10-27_23:07:20,190.0,3000.0,0.0,9.235,3.1,834.86,2294.46,1.0
17-10-27_23:07:20,190.0,3000.0,0.0,9.235,3.1,834.86,2294.46,1.0
17-10-27_23:07:20,190.0,3000.0,0.0,9.235,3.1,834.86,2294.46,1.0
17-10-27_23:07:20,190.0,3000.0,0.0,9.235,3.1,834.86,2294.46,1.0
17-10-27_23:07:20,190.0,3000.0,0.0,9.235,3.1,834.86,2294.46,1.0
17-10-27_23:07:20,190.0,3000.0,0.0,9.235,3.1,834.86,2294.46,1.0
17-10-27_23:07:20,190.0,3000.0,0.0,9.235,3.1,834.86,2294.46,1.0
17-10-27_23:07:20,190.0,3000.0,0.0,9.235,3.1,834.86,2294.46,1.0
17-10-27_23:07:20,190.0,3000.0,0.0,9.235,3.1,834.86,2294.46,1.0
17-10-27_23:07:20,190.0,3000.0,0.0,9.235,3.1,834.86,2294.46,1.0
17-10-27_23:07:20,190.0,3000.0,0.0,9.235,3.1,834.86,2294.46,1.0
17-10-27_23:07:20,190.0,3000.0,0.0,9.235,3.1,834.86,2294.46,1.0
17-10-27_23:07:20,190.0,3000.0,0.0,9.235,3.1,834.86,2294.46,1.0
17-10-27_23:07:20,190.0,3000.0,0.0,9.235,3.1,834.86,2294.46,1.0
17-10-27_23:07:20,190.0,3000.0,0.0,9.235,3.1,834.86,2294.46,1.0
17-10-27_23:07:20,190.0,3000.0,0.0,9.235,3.1,834.86,2294.46,1.0
17-10-27_23:07:20,190.0,3000.0,0.0,9.235,3.1,834.86,2294.46,1.0
17-10-27_23:07:20,190.0,3000.0,0.0,9.235,0.55,834.86,2294.46,1.0
17-10-27_23:07:20,190.0,3000.0,0.0,9.235,0.55,834.86,2294.46,1.0
17-10-27_23:07:20,190.0,3000.0,0.0,9.235,0.55,834.86,2294.46,1.0
17-10-27_23:07:20,190.0,3000.0,0.0,9.235,0.55,834.86,2294.46,1.0
17-10-27_23:07:20,190.0,3000.0,0.0,9.235,0.55,834.86,2294.46,1.0
17-10-27_23:07:20,190.0,3000.0,0.0,9.235,0.55,834.86,2294.46,1.0
17-10-27_23:07:20,190.0,3000.0,0.0,9.235,0.55,834.86,2294.46,1.0
17-10-27_23:07:20,190.0,3000.0,0.0,9.235,0.55,834.86,2294.46,1.0
17-10-27_23:07:20,190.0,3000.0,0.0,9.235,0.55,834.86,2294.46,1.0
17-10-27_23:07:21,190.0,32900.0,0.0,61.4,3.1,834.86,2294.46,1.0
17-10-27_23:07:21,190.0,4000.0,0.0,61.4,3.1,834.86,2294.46,1.0
17-10-27_23:07:21,190.0,4000.0,0.0,61.4,3.1,834.86,2294.46,1.0
17-10-27_23:07:21,190.0,4000.0,0.0,61.4,3.1,834.86,2294.46,1.0
17-10-27_23:07:21,190.0,4000.0,0.0,61.4,3.1,834.86,2294.46,1.0
17-10-27_23:07:21,190.0,4000.0,0.0,61.4,3.1,834.86,2294.46,1.0
17-10-27_23:07:21,190.0,4000.0,0.0,61.4,3.1,834.86,2294.46,1.0
17-10-27_23:07:21,190.0,4000.0,0.0,61.4,3.1,834.86,2294.46,1.0
17-10-27_23:07:21,190.0,4000.0,0.0,61.4,3.1,834.86,2294.46,1.0
17-10-27_23:07:21,190.0,909.1,0.0,61.4,3.1,834.86,2294.46,1.0
17-10-27_23:07:21,190.0,32900.0,0.0,61.4,3.1,834.86,2294.46,1.0
17-10-27_23:07:21,190.0,164.4,0.0,61.4,3.1,834.86,2294.46,1.0
17-10-27_23:07:21,190.0,6.0,0.0,61.4,3.1,834.86,2294.46,1.0
17-10-27_23:07:21,190.0,3.3,0.0,61.4,3.1,834.86,2294.46,1.0
17-10-27_23:07:25,190.0,6.3,0.0,68.0,2.3,834.86,2294.46,1.0
17-10-27_23:07:25,190.0,3.4,0.0,68.0,2.3,834.86,2294.46,1.0
17-10-27_23:10:04,190.0,4.4,0.0,0.1,0.1,763.65,2108.1,1.0
17-10-27_23:10:04,190.0,4.4,0.0,0.1,0.1,763.65,2108.1,1.0
17-10-27_23:10:04,190.0,4.4,0.0,0.1,0.1,763.65,2108.1,1.0
17-10-27_23:10:04,190.0,4.4,0.0,0.1,0.1,763.65,2108.1,1.0
17-10-27_23:10:04,190.0,4.4,0.0,0.1,0.1,763.65,2108.1,1.0
17-10-27_23:10:04,190.0,4.4,0.0,0.1,0.1,763.65,2108.1,1.0
17-10-27_23:10:04,190.0,4.4,0.0,0.1,0.1,763.65,2108.1,1.0
17-10-27_23:10:04,190.0,4.4,0.0,0.1,0.1,763.65,2108.1,1.0
17-10-27_23:10:04,190.0,4.4,0.0,0.1,0.1,763.65,2108.1,1.0
17-10-27_23:10:04,190.0,4.4,0.0,0.1,0.1,763.65,2108.1,1.0
17-10-27_23:10:04,190.0,4.4,0.0,0.1,0.1,763.65,2108.1,1.0
17-10-27_23:10:04,190.0,4.4,0.0,0.1,0.1,763.65,2108.1,1.0
17-10-27_23:10:04,190.0,4.4,0.0,0.1,0.1,763.65,2108.1,1.0
17-10-27_23:10:04,190.0,4.4,0.0,0.1,0.1,763.65,2108.1,1.0
17-10-27_23:10:04,190.0,4.4,0.0,0.1,0.1,763.65,2108.1,1.0
17-10-27_23:10:04,190.0,4.4,0.0,0.1,0.1,763.65,2108.1,1.0
17-10-27_23:10:04,190.0,2.4,0.0,0.1,0.1,763.65,2108.1,1.0
17-10-27_23:10:04,190.0,2.4,0.0,0.1,0.1,763.65,2108.1,1.0
17-10-27_23:10:04,190.0,2.4,0.0,0.1,0.1,763.65,2108.1,1.0
17-10-27_23:10:04,190.0,2.4,0.0,0.1,0.1,763.65,2108.1,1.0
17-10-27_23:10:04,190.0,2.4,0.0,0.1,0.1,763.65,2108.1,1.0
17-10-27_23:10:04,190.0,2.4,0.0,0.1,0.1,763.65,2108.1,1.0
17-10-27_23:10:04,190.0,2.4,0.0,0.1,0.1,763.65,2108.1,1.0
17-10-27_23:10:04,190.0,2.4,0.0,0.1,0.1,763.65,2108.1,1.0
17-10-27_23:10:04,190.0,2.4,0.0,0.1,0.1,763.65,2108.1,1.0
17-10-27_23:10:04,190.0,2.4,0.0,0.1,0.1,763.65,2108.1,1.0
17-10-27_23:10:04,190.0,2.4,0.0,0.1,0.1,763.65,2108.1,1.0
17-10-27_23:10:04,190.0,2.4,0.0,0.1,0.1,763.65,2108.1,1.0
17-10-27_23:10:04,190.0,2.4,0.0,0.1,0.1,763.65,2108.1,1.0
17-10-27_23:10:04,190.0,2.4,0.0,0.1,0.1,763.65,2108.1,1.0
17-10-27_23:10:04,190.0,2.4,0.0,0.1,0.1,763.65,2108.1,1.0
17-10-27_23:10:04,190.0,2.4,0.0,0.1,0.1,763.65,2108.1,1.0
17-10-27_23:10:06,190.0,70.5,0.0,0.1,0.1,763.65,2108.1,1.0
17-10-27_23:10:06,190.0,25.0,0.0,0.1,0.1,763.65,2108.1,1.0
17-10-27_23:10:12,190.0,4.9,0.0,0.1,0.1,763.65,2108.1,1.0
17-10-27_23:10:12,190.0,4.9,0.0,0.1,0.1,763.65,2108.1,1.0
17-10-27_23:10:12,190.0,4.9,0.0,0.1,0.1,763.65,2108.1,1.0
17-10-27_23:10:12,190.0,4.9,0.0,0.1,0.1,763.65,2108.1,1.0
17-10-27_23:10:12,190.0,4.9,0.0,0.1,0.1,763.65,2108.1,1.0
17-10-27_23:10:12,190.0,4.9,0.0,0.1,0.1,763.65,2108.1,1.0
17-10-27_23:10:12,190.0,4.9,0.0,0.1,0.1,763.65,2108.1,1.0
17-10-27_23:10:12,190.0,4.9,0.0,0.1,0.1,763.65,2108.1,1.0
17-10-27_23:10:12,190.0,4.9,0.0,0.1,0.1,763.65,2108.1,1.0
17-10-27_23:10:12,190.0,4.9,0.0,0.1,0.1,763.65,2108.1,1.0
17-10-27_23:10:12,190.0,4.9,0.0,0.1,0.1,763.65,2108.1,1.0
17-10-27_23:10:12,190.0,4.9,0.0,0.1,0.1,763.65,2108.1,1.0
17-10-27_23:10:12,190.0,4.9,0.0,0.1,0.1,763.65,2108.1,1.0
17-10-27_23:10:12,190.0,4.9,0.0,0.1,0.1,763.65,2108.1,1.0
17-10-27_23:10:12,190.0,4.9,0.0,0.1,0.1,763.65,2108.1,1.0
17-10-27_23:10:12,190.0,4.9,0.0,0.1,0.1,763.65,2108.1,1.0
17-10-27_23:10:12,190.0,2.9,0.0,0.1,0.1,763.65,2108.1,1.0
17-10-27_23:10:12,190.0,2.9,0.0,0.1,0.1,763.65,2108.1,1.0
17-10-27_23:10:12,190.0,2.9,0.0,0.1,0.1,763.65,2108.1,1.0
17-10-27_23:10:12,190.0,2.9,0.0,0.1,0.1,763.65,2108.1,1.0
17-10-27_23:10:12,190.0,2.9,0.0,0.1,0.1,763.65,2108.1,1.0
17-10-27_23:10:12,190.0,2.9,0.0,0.1,0.1,763.65,2108.1,1.0
17-10-27_23:10:12,190.0,2.9,0.0,0.1,0.1,763.65,2108.1,1.0
17-10-27_23:10:12,190.0,2.9,0.0,0.1,0.1,763.65,2108.1,1.0
17-10-27_23:10:12,190.0,2.9,0.0,0.1,0.1,763.65,2108.1,1.0
17-10-27_23:10:12,190.0,2.9,0.0,0.1,0.1,763.65,2108.1,1.0
17-10-27_23:10:12,190.0,2.9,0.0,0.1,0.1,763.65,2108.1,1.0
17-10-27_23:10:12,190.0,2.9,0.0,0.1,0.1,763.65,2108.1,1.0
17-10-27_23:10:12,190.0,2.9,0.0,0.1,0.1,763.65,2108.1,1.0
17-10-27_23:10:12,190.0,2.9,0.0,0.1,0.1,763.65,2108.1,1.0
17-10-27_23:10:12,190.0,2.9,0.0,0.1,0.1,763.65,2108.1,1.0
17-10-27_23:10:12,190.0,2.9,0.0,0.1,0.1,763.65,2108.1,1.0
17-10-27_23:10:13,190.0,76.4,0.0,0.1,0.1,763.65,2108.1,1.0
17-10-27_23:10:13,190.0,28.2,0.0,0.1,0.1,763.65,2108.1,1.0
17-10-27_23:10:15,190.0,0.0,23.1,3.5,0.5,763.65,2108.1,1.0
17-10-27_23:10:15,190.0,0.0,2.8,3.5,0.5,763.65,2108.1,1.0
17-10-27_23:10:15,190.0,0.0,2.8,3.5,0.5,763.65,2108.1,1.0
17-10-27_23:10:15,190.0,0.0,2.8,3.5,0.5,763.65,2108.1,1.0
17-10-27_23:10:15,190.0,0.0,23.1,3.5,0.5,763.65,2108.1,1.0
17-10-27_23:10:15,190.0,0.0,23.1,3.5,0.5,763.65,2108.1,1.0
17-10-27_23:10:15,190.0,0.0,2.6,3.5,0.5,763.65,2108.1,1.0
17-10-27_23:10:15,190.0,0.0,2.6,3.5,0.5,763.65,2108.1,1.0
17-10-27_23:10:15,190.0,0.0,2.6,3.5,0.5,763.65,2108.1,1.0
17-10-27_23:10:15,190.0,0.0,4300.0,3.5,0.5,763.65,2108.1,1.0
17-10-27_23:10:15,190.0,0.0,4300.0,3.5,0.5,763.65,2108.1,1.0
17-10-27_23:10:15,190.0,0.0,4100.0,3.5,0.5,763.65,2108.1,1.0
17-10-27_23:10:15,190.0,0.0,4200.0,3.5,0.5,763.65,2108.1,1.0
17-10-27_23:10:15,190.0,0.0,4200.0,3.5,0.5,763.65,2108.1,1.0
17-10-27_23:10:15,190.0,0.0,4200.0,3.5,0.5,763.65,2108.1,1.0
17-10-27_23:10:15,190.0,0.0,4200.0,3.5,0.5,763.65,2108.1,1.0
17-10-27_23:10:15,190.0,0.0,2.8,3.5,0.5,763.65,2108.1,1.0
17-10-27_23:10:15,190.0,0.0,2.8,3.5,0.5,763.65,2108.1,1.0
17-10-27_23:10:15,190.0,0.0,2.8,3.5,0.5,763.65,2108.1,1.0
17-10-27_23:10:15,190.0,0.0,4200.0,3.5,0.5,763.65,2108.1,1.0
17-10-27_23:10:15,190.0,0.0,4300.0,3.5,0.5,763.65,2108.1,1.0
17-10-27_23:10:15,190.0,0.0,4300.0,3.5,0.5,763.65,2108.1,1.0
17-10-27_23:10:15,190.0,0.0,4200.0,3.5,0.5,763.65,2108.1,1.0
17-10-27_23:10:15,190.0,0.0,4100.0,3.5,0.5,763.65,2108.1,1.0
17-10-27_23:10:15,190.0,0.0,4200.0,3.5,0.5,763.65,2108.1,1.0
17-10-27_23:10:15,190.0,0.0,4200.0,3.5,0.5,763.65,2108.1,1.0
17-10-27_23:10:15,190.0,0.0,4200.0,3.5,0.5,763.65,2108.1,1.0
17-10-27_23:10:15,190.0,0.0,4200.0,3.5,0.5,763.65,2108.1,1.0
17-10-27_23:10:15,190.0,0.0,4.0,3.5,0.5,763.65,2108.1,1.0
17-10-27_23:10:15,190.0,0.0,4000.0,3.5,0.5,763.65,2108.1,1.0
17-10-27_23:10:15,190.0,0.0,1355.9,3.5,0.5,763.65,2108.1,1.0
17-10-27_23:10:15,190.0,0.0,3000.0,3.5,0.5,763.65,2108.1,1.0
17-10-27_23:10:15,190.0,0.0,4000.0,3.5,0.5,763.65,2108.1,1.0
17-10-27_23:10:15,190.0,0.0,4000.0,3.5,0.5,763.65,2108.1,1.0
17-10-27_23:10:15,190.0,0.0,4000.0,3.5,0.5,763.65,2108.1,1.0
17-10-27_23:10:15,190.0,0.0,4000.0,3.5,0.5,763.65,2108.1,1.0
17-10-27_23:10:15,190.0,0.0,4000.0,3.5,0.5,763.65,2108.1,1.0
17-10-27_23:10:15,190.0,0.0,4000.0,3.5,0.5,763.65,2108.1,1.0
17-10-27_23:10:15,190.0,0.0,4000.0,3.5,0.5,763.65,2108.1,1.0
17-10-27_23:10:15,190.0,0.0,4000.0,3.5,0.5,763.65,2108.1,1.0
17-10-27_23:10:15,190.0,0.0,909.1,3.5,0.5,763.65,2108.1,1.0
17-10-27_23:10:15,190.0,0.0,164.4,3.5,0.5,763.65,2108.1,1.0
17-10-27_23:10:15,190.0,0.0,3.3,3.5,0.5,763.65,2108.1,1.0
17-10-27_23:10:15,190.0,0.0,3.3,3.5,0.5,763.65,2108.1,1.0
17-10-27_23:10:15,190.0,0.0,3.3,3.5,0.5,763.65,2108.1,1.0
17-10-27_23:10:15,190.0,0.0,3000.0,3.5,0.5,763.65,2108.1,1.0
17-10-27_23:10:15,190.0,0.0,3000.0,3.5,0.5,763.65,2108.1,1.0
17-10-27_23:10:15,190.0,0.0,3.4,3.5,0.5,763.65,2108.1,1.0
17-10-27_23:10:15,190.0,0.0,3.4,3.5,0.5,763.65,2108.1,1.0
17-10-27_23:10:15,190.0,0.0,95600.0,3.5,0.5,763.65,2108.1,1.0
17-10-27_23:10:15,190.0,0.0,4000.0,3.5,0.5,763.65,2108.1,1.0
17-10-27_23:10:15,190.0,0.0,909.1,3.5,0.5,763.65,2108.1,1.0
17-10-27_23:10:15,190.0,0.0,4000.0,3.5,0.5,763.65,2108.1,1.0
17-10-27_23:10:15,190.0,0.0,4000.0,3.5,0.5,763.65,2108.1,1.0
17-10-27_23:10:15,190.0,0.0,4000.0,3.5,0.5,763.65,2108.1,1.0
17-10-27_23:10:15,190.0,0.0,4000.0,3.5,0.5,763.65,2108.1,1.0
17-10-27_23:10:15,190.0,0.0,4000.0,3.5,0.5,763.65,2108.1,1.0
17-10-27_23:10:15,190.0,0.0,4000.0,3.5,0.5,763.65,2108.1,1.0
17-10-27_23:10:15,190.0,0.0,4000.0,3.5,0.5,763.65,2108.1,1.0
17-10-27_23:10:15,190.0,0.0,164.4,3.5,0.5,763.65,2108.1,1.0
17-10-27_23:10:15,190.0,0.0,1355.9,3.5,0.5,763.65,2108.1,1.0
17-10-27_23:10:15,190.0,0.0,4000.0,3.5,0.5,763.65,2108.1,1.0
17-10-27_23:10:15,190.0,0.0,4.0,3.5,0.5,763.65,2108.1,1.0
17-10-27_23:10:15,190.0,0.0,2.4,3.5,0.5,763.65,2108.1,1.0
17-10-27_23:10:15,190.0,0.0,2.4,3.5,0.5,763.65,2108.1,1.0
17-10-27_23:10:15,190.0,0.0,70200.0,3.5,0.5,763.65,2108.1,1.0
17-10-27_23:10:15,190.0,0.0,2.6,3.5,0.5,763.65,2108.1,1.0
17-10-27_23:10:15,190.0,0.0,2.6,3.5,0.5,763.65,2108.1,1.0
17-10-27_23:10:15,190.0,0.0,2.6,3.5,0.5,763.65,2108.1,1.0
17-10-27_23:10:15,190.0,0.0,3.4,3.5,0.5,763.65,2108.1,1.0
17-10-27_23:10:15,190.0,0.0,3.4,3.5,0.5,763.65,2108.1,1.0
17-10-27_23:10:15,190.0,0.0,3.3,3.5,0.5,763.65,2108.1,1.0
17-10-27_23:10:15,190.0,0.0,3.3,3.5,0.5,763.65,2108.1,1.0
17-10-27_23:10:15,190.0,0.0,3.3,3.5,0.5,763.65,2108.1,1.0
17-10-27_23:10:15,190.0,0.0,70200.0,3.5,0.5,763.65,2108.1,1.0
17-10-27_23:10:15,190.0,0.0,4000.0,3.5,0.5,763.65,2108.1,1.0
17-10-27_23:10:15,190.0,0.0,164.4,3.5,0.5,763.65,2108.1,1.0
17-10-27_23:10:15,190.0,0.0,4000.0,3.5,0.5,763.65,2108.1,1.0
17-10-27_23:10:15,190.0,0.0,4000.0,3.5,0.5,763.65,2108.1,1.0
17-10-27_23:10:15,190.0,0.0,4000.0,3.5,0.5,763.65,2108.1,1.0
17-10-27_23:10:15,190.0,0.0,164.4,3.5,0.5,763.65,2108.1,1.0
17-10-27_23:10:15,190.0,0.0,4000.0,3.5,0.5,763.65,2108.1,1.0
17-10-27_23:10:15,190.0,0.0,4000.0,3.5,0.5,763.65,2108.1,1.0
17-10-27_23:10:15,190.0,0.0,4000.0,3.5,0.5,763.65,2108.1,1.0
17-10-27_23:10:15,190.0,0.0,4000.0,3.5,0.5,763.65,2108.1,1.0
17-10-27_23:10:15,190.0,0.0,4000.0,3.5,0.5,763.65,2108.1,1.0
17-10-27_23:10:15,190.0,0.0,4000.0,3.5,0.5,763.65,2108.1,1.0
17-10-27_23:10:15,190.0,0.0,909.1,3.5,0.5,763.65,2108.1,1.0
17-10-27_23:10:15,190.0,0.0,4000.0,3.5,0.5,763.65,2108.1,1.0
17-10-27_23:10:15,190.0,0.0,4000.0,3.5,0.5,763.65,2108.1,1.0
17-10-27_23:10:15,190.0,0.0,4000.0,3.5,0.5,763.65,2108.1,1.0
17-10-27_23:10:15,190.0,0.0,4000.0,3.5,0.5,763.65,2108.1,1.0
17-10-27_23:10:15,190.0,0.0,4000.0,3.5,0.5,763.65,2108.1,1.0
17-10-27_23:10:15,190.0,0.0,4000.0,3.5,0.5,763.65,2108.1,1.0
17-10-27_23:10:15,190.0,0.0,909.1,3.5,0.5,763.65,2108.1,1.0
17-10-27_23:10:15,190.0,0.0,4.0,3.5,0.5,763.65,2108.1,1.0
17-10-27_23:10:15,190.0,0.0,4000.0,3.5,0.5,763.65,2108.1,1.0
17-10-27_23:10:15,190.0,0.0,1355.9,3.5,0.5,763.65,2108.1,1.0
17-10-27_23:10:15,190.0,0.0,4.0,3.5,0.5,763.65,2108.1,1.0
17-10-27_23:10:15,190.0,0.0,3000.0,3.5,0.5,763.65,2108.1,1.0
17-10-27_23:10:15,190.0,0.0,4000.0,3.5,0.5,763.65,2108.1,1.0
17-10-27_23:10:15,190.0,0.0,3000.0,3.5,0.5,763.65,2108.1,1.0
17-10-27_23:10:15,190.0,0.0,3000.0,3.5,0.5,763.65,2108.1,1.0
17-10-27_23:10:15,190.0,0.0,1355.9,3.5,0.5,763.65,2108.1,1.0
17-10-27_23:10:15,190.0,0.0,2.4,3.5,0.5,763.65,2108.1,1.0
17-10-27_23:10:15,190.0,0.0,2.4,3.5,0.5,763.65,2108.1,1.0
17-10-27_23:10:15,190.0,0.0,25.0,3.5,0.5,763.65,2108.1,1.0
17-10-27_23:10:15,190.0,0.0,25.0,3.5,0.5,763.65,2108.1,1.0
17-10-27_23:10:15,190.0,0.0,25.0,3.5,0.5,763.65,2108.1,1.0
17-10-27_23:10:15,190.0,0.0,25.0,3.5,0.5,763.65,2108.1,1.0
17-10-27_23:10:15,190.0,0.0,2.9,3.5,0.5,763.65,2108.1,1.0
17-10-27_23:10:15,190.0,0.0,2.9,3.5,0.5,763.65,2108.1,1.0
17-10-27_23:10:15,190.0,0.0,2.9,3.5,0.5,763.65,2108.1,1.0
17-10-27_23:10:15,190.0,0.0,28.2,3.5,0.5,763.65,2108.1,1.0
17-10-27_23:10:15,190.0,0.0,28.2,3.5,0.5,763.65,2108.1,1.0
17-10-27_23:14:25,22.0,238.5,0.0,0.1,0.1,739.68,1750.45,1.0
17-10-27_23:14:25,22.0,23.1,0.0,0.1,0.1,739.68,1750.45,1.0
17-10-27_23:14:25,22.0,4.9,0.0,0.1,0.1,739.68,1750.45,1.0
17-10-27_23:14:25,22.0,2.8,0.0,0.1,0.1,739.68,1750.45,1.0
17-10-27_23:14:34,22.0,4.8,0.0,6.2,0.7,739.68,1750.45,1.0
17-10-27_23:14:34,22.0,2.6,0.0,6.2,0.7,739.68,1750.45,1.0
17-10-27_23:14:37,22.0,3.9,0.0,77.1,3.4,739.68,1750.45,1.0
17-10-27_23:14:37,22.0,4.0,0.0,77.1,3.4,739.68,1750.45,1.0
17-10-27_23:14:37,22.0,38000.0,0.0,77.1,3.4,739.68,1750.45,1.0
17-10-27_23:14:38,22.0,4000.0,0.0,77.1,3.4,739.68,1750.45,1.0
17-10-27_23:14:38,22.0,1355.9,0.0,77.1,3.4,739.68,1750.45,1.0
17-10-27_23:14:38,22.0,9500.0,0.0,77.1,3.4,739.68,1750.45,1.0
17-10-27_23:14:38,22.0,3000.0,0.0,77.1,3.4,739.68,1750.45,1.0
17-10-27_23:14:38,22.0,32900.0,0.0,77.1,3.4,739.68,1750.45,1.0
17-10-27_23:14:38,22.0,4000.0,0.0,77.1,3.4,739.68,1750.45,1.0
17-10-27_23:14:38,22.0,4000.0,0.0,77.1,3.4,739.68,1750.45,1.0
17-10-27_23:14:38,22.0,4000.0,0.0,77.1,3.4,739.68,1750.45,1.0
17-10-27_23:14:38,22.0,4000.0,0.0,77.1,3.4,739.68,1750.45,1.0
17-10-27_23:14:38,22.0,4000.0,0.0,77.1,3.4,739.68,1750.45,1.0
17-10-27_23:14:38,22.0,4000.0,0.0,77.1,3.4,739.68,1750.45,1.0
17-10-27_23:14:38,22.0,4000.0,0.0,77.1,3.4,739.68,1750.45,1.0
17-10-27_23:14:38,22.0,4000.0,0.0,77.1,3.4,739.68,1750.45,1.0
17-10-27_23:14:38,22.0,909.1,0.0,77.1,3.4,739.68,1750.45,1.0
17-10-27_23:14:38,22.0,32900.0,0.0,77.1,3.4,739.68,1750.45,1.0
17-10-27_23:14:38,22.0,164.4,0.0,77.1,3.4,739.68,1750.45,1.0
17-10-27_23:14:38,22.0,6.0,0.0,77.1,3.4,739.68,1750.45,1.0
17-10-27_23:14:38,22.0,3.3,0.0,77.1,3.4,739.68,1750.45,1.0
17-10-27_23:14:42,22.0,6.3,0.0,77.1,3.4,739.68,1750.45,1.0
17-10-27_23:14:42,22.0,3.4,0.0,77.1,3.4,739.68,1750.45,1.0
17-10-27_23:14:42,22.0,0.0,23.1,77.1,3.4,739.68,1750.45,1.0
17-10-27_23:14:42,22.0,0.0,2.8,77.1,3.4,739.68,1750.45,1.0
17-10-27_23:14:42,22.0,0.0,2.8,77.1,3.4,739.68,1750.45,1.0
17-10-27_23:14:42,22.0,0.0,2.8,77.1,3.4,739.68,1750.45,1.0
17-10-27_23:14:42,22.0,0.0,23.1,77.1,3.4,739.68,1750.45,1.0
17-10-27_23:14:42,22.0,0.0,23.1,77.1,3.4,739.68,1750.45,1.0
17-10-27_23:14:42,22.0,0.0,2.6,77.1,3.4,739.68,1750.45,1.0
17-10-27_23:14:42,22.0,0.0,2.6,77.1,3.4,739.68,1750.45,1.0
17-10-27_23:14:42,22.0,0.0,2.6,77.1,3.4,739.68,1750.45,1.0
17-10-27_23:14:42,22.0,0.0,4200.0,77.1,3.4,739.68,1750.45,1.0
17-10-27_23:14:42,22.0,0.0,4300.0,77.1,3.4,739.68,1750.45,1.0
17-10-27_23:14:42,22.0,0.0,4300.0,77.1,3.4,739.68,1750.45,1.0
17-10-27_23:14:42,22.0,0.0,4100.0,77.1,3.4,739.68,1750.45,1.0
17-10-27_23:14:42,22.0,0.0,4200.0,77.1,3.4,739.68,1750.45,1.0
17-10-27_23:14:42,22.0,0.0,4200.0,77.1,3.4,739.68,1750.45,1.0
17-10-27_23:14:42,22.0,0.0,4200.0,77.1,3.4,739.68,1750.45,1.0
17-10-27_23:14:42,22.0,0.0,4200.0,77.1,3.4,739.68,1750.45,1.0
17-10-27_23:14:42,22.0,0.0,2.8,77.1,3.4,739.68,1750.45,1.0
17-10-27_23:14:42,22.0,0.0,2.8,77.1,3.4,739.68,1750.45,1.0
17-10-27_23:14:42,22.0,0.0,2.8,77.1,3.4,739.68,1750.45,1.0
17-10-27_23:14:42,22.0,0.0,4200.0,77.1,3.4,739.68,1750.45,1.0
17-10-27_23:14:42,22.0,0.0,4300.0,77.1,3.4,739.68,1750.45,1.0
17-10-27_23:14:42,22.0,0.0,4300.0,77.1,3.4,739.68,1750.45,1.0
17-10-27_23:14:42,22.0,0.0,4100.0,77.1,3.4,739.68,1750.45,1.0
17-10-27_23:14:42,22.0,0.0,4200.0,77.1,3.4,739.68,1750.45,1.0
17-10-27_23:14:42,22.0,0.0,4200.0,77.1,3.4,739.68,1750.45,1.0
17-10-27_23:14:42,22.0,0.0,4200.0,77.1,3.4,739.68,1750.45,1.0
17-10-27_23:14:42,22.0,0.0,4200.0,77.1,3.4,739.68,1750.45,1.0
17-10-27_23:14:42,22.0,0.0,4.0,77.1,3.4,739.68,1750.45,1.0
17-10-27_23:14:42,22.0,0.0,4000.0,77.1,3.4,739.68,1750.45,1.0
17-10-27_23:14:42,22.0,0.0,1355.9,77.1,3.4,739.68,1750.45,1.0
17-10-27_23:14:42,22.0,0.0,3000.0,77.1,3.4,739.68,1750.45,1.0
17-10-27_23:14:42,22.0,0.0,4000.0,77.1,3.4,739.68,1750.45,1.0
17-10-27_23:14:42,22.0,0.0,4000.0,77.1,3.4,739.68,1750.45,1.0
17-10-27_23:14:42,22.0,0.0,4000.0,77.1,3.4,739.68,1750.45,1.0
17-10-27_23:14:42,22.0,0.0,4000.0,77.1,3.4,739.68,1750.45,1.0
17-10-27_23:14:42,22.0,0.0,4000.0,77.1,3.4,739.68,1750.45,1.0
17-10-27_23:14:42,22.0,0.0,4000.0,77.1,3.4,739.68,1750.45,1.0
17-10-27_23:14:42,22.0,0.0,4000.0,77.1,3.4,739.68,1750.45,1.0
17-10-27_23:14:42,22.0,0.0,4000.0,77.1,3.4,739.68,1750.45,1.0
17-10-27_23:14:42,22.0,0.0,909.1,77.1,3.4,739.68,1750.45,1.0
17-10-27_23:14:42,22.0,0.0,164.4,77.1,3.4,739.68,1750.45,1.0
17-10-27_23:14:42,22.0,0.0,3.3,77.1,3.4,739.68,1750.45,1.0
17-10-27_23:14:42,22.0,0.0,3.3,77.1,3.4,739.68,1750.45,1.0
17-10-27_23:14:42,22.0,0.0,3.3,77.1,3.4,739.68,1750.45,1.0
17-10-27_23:14:42,22.0,0.0,3000.0,77.1,3.4,739.68,1750.45,1.0
17-10-27_23:14:42,22.0,0.0,3000.0,77.1,3.4,739.68,1750.45,1.0
17-10-27_23:14:42,22.0,0.0,3.4,77.1,3.4,739.68,1750.45,1.0
17-10-27_23:14:42,22.0,0.0,3.4,77.1,3.4,739.68,1750.45,1.0
17-10-27_23:14:42,22.0,0.0,97000.0,77.1,3.4,739.68,1750.45,1.0
17-10-27_23:14:42,22.0,0.0,4000.0,77.1,3.4,739.68,1750.45,1.0
17-10-27_23:14:42,22.0,0.0,4000.0,77.1,3.4,739.68,1750.45,1.0
17-10-27_23:14:42,22.0,0.0,909.1,77.1,3.4,739.68,1750.45,1.0
17-10-27_23:14:42,22.0,0.0,4000.0,77.1,3.4,739.68,1750.45,1.0
17-10-27_23:14:42,22.0,0.0,4000.0,77.1,3.4,739.68,1750.45,1.0
17-10-27_23:14:42,22.0,0.0,4000.0,77.1,3.4,739.68,1750.45,1.0
17-10-27_23:14:42,22.0,0.0,4000.0,77.1,3.4,739.68,1750.45,1.0
17-10-27_23:14:42,22.0,0.0,4000.0,77.1,3.4,739.68,1750.45,1.0
17-10-27_23:14:42,22.0,0.0,4000.0,77.1,3.4,739.68,1750.45,1.0
17-10-27_23:14:42,22.0,0.0,164.4,77.1,3.4,739.68,1750.45,1.0
17-10-27_23:14:42,22.0,0.0,1355.9,77.1,3.4,739.68,1750.45,1.0
17-10-27_23:14:42,22.0,0.0,4000.0,77.1,3.4,739.68,1750.45,1.0
17-10-27_23:14:42,22.0,0.0,4.0,77.1,3.4,739.68,1750.45,1.0
17-10-27_23:18:11,22.0,238.5,0.0,0.0,0.1,1059191.38,935498.75,1.0
17-10-27_23:18:11,22.0,23.1,0.0,0.0,0.1,1059191.38,935498.75,1.0
17-10-27_23:18:11,22.0,4.9,0.0,0.0,0.1,1059191.38,935498.75,1.0
17-10-27_23:18:11,22.0,2.8,0.0,0.0,0.1,1059191.38,935498.75,1.0
17-10-27_23:18:20,22.0,4.8,0.0,38.8,2.2,1059191.38,935498.75,1.0
17-10-27_23:18:20,22.0,4.8,0.0,38.8,2.2,1059191.38,935498.75,1.0
17-10-27_23:18:20,22.0,4.8,0.0,38.8,2.2,1059191.38,935498.75,1.0
17-10-27_23:18:20,22.0,4.8,0.0,38.8,2.2,1059191.38,935498.75,1.0
17-10-27_23:18:20,22.0,4.8,0.0,38.8,2.2,1059191.38,935498.75,1.0
17-10-27_23:18:20,22.0,4.8,0.0,38.8,2.2,1059191.38,935498.75,1.0
17-10-27_23:18:20,22.0,4.8,0.0,38.8,2.2,1059191.38,935498.75,1.0
17-10-27_23:18:20,22.0,4.8,0.0,38.8,2.2,1059191.38,935498.75,1.0
17-10-27_23:18:20,22.0,4.8,0.0,38.8,2.2,1059191.38,935498.75,1.0
17-10-27_23:18:20,22.0,4.8,0.0,38.8,2.2,1059191.38,935498.75,1.0
17-10-27_23:18:20,22.0,4.8,0.0,38.8,2.2,1059191.38,935498.75,1.0
17-10-27_23:18:20,22.0,4.8,0.0,38.8,2.2,1059191.38,935498.75,1.0
17-10-27_23:18:20,22.0,4.8,0.0,38.8,2.2,1059191.38,935498.75,1.0
17-10-27_23:18:20,22.0,4.8,0.0,38.8,2.2,1059191.38,935498.75,1.0
17-10-27_23:18:20,22.0,4.8,0.0,38.8,2.2,1059191.38,935498.75,1.0
17-10-27_23:18:20,22.0,4.8,0.0,38.8,2.2,1059191.38,935498.75,1.0
17-10-27_23:18:20,22.0,2.6,0.0,38.8,2.2,1059191.38,935498.75,1.0
17-10-27_23:18:20,22.0,2.6,0.0,38.8,2.2,1059191.38,935498.75,1.0
17-10-27_23:18:20,22.0,2.6,0.0,38.8,2.2,1059191.38,935498.75,1.0
17-10-27_23:18:20,22.0,2.6,0.0,38.8,2.2,1059191.38,935498.75,1.0
17-10-27_23:18:20,22.0,2.6,0.0,38.8,2.2,1059191.38,935498.75,1.0
17-10-27_23:18:20,22.0,2.6,0.0,38.8,2.2,1059191.38,935498.75,1.0
17-10-27_23:18:20,22.0,2.6,0.0,38.8,2.2,1059191.38,935498.75,1.0
17-10-27_23:18:20,22.0,2.6,0.0,38.8,2.2,1059191.38,935498.75,1.0
17-10-27_23:18:20,22.0,2.6,0.0,38.8,2.2,1059191.38,935498.75,1.0
17-10-27_23:18:20,22.0,2.6,0.0,38.8,2.2,1059191.38,935498.75,1.0
17-10-27_23:18:20,22.0,2.6,0.0,38.8,2.2,1059191.38,935498.75,1.0
17-10-27_23:18:20,22.0,2.6,0.0,38.8,2.2,1059191.38,935498.75,1.0
17-10-27_23:18:20,22.0,2.6,0.0,38.8,2.2,1059191.38,935498.75,1.0
17-10-27_23:18:20,22.0,2.6,0.0,38.8,2.2,1059191.38,935498.75,1.0
17-10-27_23:18:20,22.0,2.6,0.0,38.8,2.2,1059191.38,935498.75,1.0
17-10-27_23:18:20,22.0,2.6,0.0,38.8,2.2,1059191.38,935498.75,1.0
17-10-27_23:18:24,22.0,3.9,0.0,38.8,2.2,1059191.38,935498.75,1.0
17-10-27_23:18:24,22.0,3.9,0.0,38.8,2.2,1059191.38,935498.75,1.0
17-10-27_23:18:24,22.0,3.9,0.0,38.8,2.2,1059191.38,935498.75,1.0
17-10-27_23:18:24,22.0,3.9,0.0,38.8,2.2,1059191.38,935498.75,1.0
17-10-27_23:18:24,22.0,3.9,0.0,38.8,2.2,1059191.38,935498.75,1.0
17-10-27_23:18:24,22.0,3.9,0.0,38.8,2.2,1059191.38,935498.75,1.0
17-10-27_23:18:24,22.0,3.9,0.0,38.8,2.2,1059191.38,935498.75,1.0
17-10-27_23:18:24,22.0,3.9,0.0,38.8,2.2,1059191.38,935498.75,1.0
17-10-27_23:18:24,22.0,3.9,0.0,38.8,2.2,1059191.38,935498.75,1.0
17-10-27_23:18:24,22.0,3.9,0.0,38.8,2.2,1059191.38,935498.75,1.0
17-10-27_23:18:24,22.0,3.9,0.0,38.8,2.2,1059191.38,935498.75,1.0
17-10-27_23:18:24,22.0,3.9,0.0,38.8,2.2,1059191.38,935498.75,1.0
17-10-27_23:18:24,22.0,3.9,0.0,38.8,2.2,1059191.38,935498.75,1.0
17-10-27_23:18:24,22.0,3.9,0.0,38.8,2.2,1059191.38,935498.75,1.0
17-10-27_23:18:24,22.0,3.9,0.0,38.8,2.2,1059191.38,935498.75,1.0
17-10-27_23:18:24,22.0,3.9,0.0,38.8,2.2,1059191.38,935498.75,1.0
17-10-27_23:18:24,22.0,4.0,0.0,38.8,2.2,1059191.38,935498.75,1.0
17-10-27_23:18:24,22.0,4.0,0.0,38.8,2.2,1059191.38,935498.75,1.0
17-10-27_23:18:24,22.0,4.0,0.0,38.8,2.2,1059191.38,935498.75,1.0
17-10-27_23:18:24,22.0,4.0,0.0,38.8,2.2,1059191.38,935498.75,1.0
17-10-27_23:18:24,22.0,4.0,0.0,38.8,2.2,1059191.38,935498.75,1.0
17-10-27_23:18:24,22.0,4.0,0.0,38.8,2.2,1059191.38,935498.75,1.0
17-10-27_23:18:24,22.0,4.0,0.0,38.8,2.2,1059191.38,935498.75,1.0
17-10-27_23:18:24,22.0,4.0,0.0,38.8,2.2,1059191.38,935498.75,1.0
17-10-27_23:18:24,22.0,4.0,0.0,38.8,2.2,1059191.38,935498.75,1.0
17-10-27_23:18:24,22.0,4.0,0.0,38.8,2.2,1059191.38,935498.75,1.0
17-10-27_23:18:24,22.0,4.0,0.0,38.8,2.2,1059191.38,935498.75,1.0
17-10-27_23:18:24,22.0,4.0,0.0,38.8,2.2,1059191.38,935498.75,1.0
17-10-27_23:18:24,22.0,4.0,0.0,38.8,2.2,1059191.38,935498.75,1.0
17-10-27_23:18:24,22.0,4.0,0.0,38.8,2.2,1059191.38,935498.75,1.0
17-10-27_23:18:24,22.0,4.0,0.0,38.8,2.2,1059191.38,935498.75,1.0
17-10-27_23:18:24,22.0,4.0,0.0,38.8,2.2,1059191.38,935498.75,1.0
17-10-27_23:18:24,22.0,38000.0,0.0,38.8,2.2,1059191.38,935498.75,1.0
17-10-27_23:18:24,22.0,38000.0,0.0,38.8,2.2,1059191.38,935498.75,1.0
17-10-27_23:18:24,22.0,38000.0,0.0,38.8,2.2,1059191.38,935498.75,1.0
17-10-27_23:18:24,22.0,38000.0,0.0,38.8,2.2,1059191.38,935498.75,1.0
17-10-27_23:18:24,22.0,38000.0,0.0,38.8,2.2,1059191.38,935498.75,1.0
17-10-27_23:18:24,22.0,38000.0,0.0,38.8,2.2,1059191.38,935498.75,1.0
17-10-27_23:18:24,22.0,38000.0,0.0,38.8,2.2,1059191.38,935498.75,1.0
17-10-27_23:18:24,22.0,38000.0,0.0,38.8,2.2,1059191.38,935498.75,1.0
17-10-27_23:18:24,22.0,38000.0,0.0,38.8,2.2,1059191.38,935498.75,1.0
17-10-27_23:18:24,22.0,38000.0,0.0,38.8,2.2,1059191.38,935498.75,1.0
17-10-27_23:18:24,22.0,38000.0,0.0,38.8,2.2,1059191.38,935498.75,1.0
17-10-27_23:18:24,22.0,38000.0,0.0,38.8,2.2,1059191.38,935498.75,1.0
17-10-27_23:18:24,22.0,38000.0,0.0,38.8,2.2,1059191.38,935498.75,1.0
17-10-27_23:18:24,22.0,38000.0,0.0,38.8,2.2,1059191.38,935498.75,1.0
17-10-27_23:18:24,22.0,38000.0,0.0,38.8,2.2,1059191.38,935498.75,1.0
17-10-27_23:18:24,22.0,38000.0,0.0,38.8,2.2,1059191.38,935498.75,1.0
17-10-27_23:18:24,22.0,4000.0,0.0,38.8,2.2,1059191.38,935498.75,1.0
17-10-27_23:18:24,22.0,4000.0,0.0,38.8,2.2,1059191.38,935498.75,1.0
17-10-27_23:18:24,22.0,4000.0,0.0,38.8,2.2,1059191.38,935498.75,1.0
17-10-27_23:18:24,22.0,4000.0,0.0,38.8,2.2,1059191.38,935498.75,1.0
17-10-27_23:18:24,22.0,4000.0,0.0,38.8,2.2,1059191.38,935498.75,1.0
17-10-27_23:18:24,22.0,4000.0,0.0,38.8,2.2,1059191.38,935498.75,1.0
17-10-27_23:18:24,22.0,4000.0,0.0,38.8,2.2,1059191.38,935498.75,1.0
17-10-27_23:18:24,22.0,4000.0,0.0,38.8,2.2,1059191.38,935498.75,1.0
17-10-27_23:18:24,22.0,4000.0,0.0,38.8,2.2,1059191.38,935498.75,1.0
17-10-27_23:18:24,22.0,4000.0,0.0,38.8,2.2,1059191.38,935498.75,1.0
17-10-27_23:18:24,22.0,4000.0,0.0,38.8,2.2,1059191.38,935498.75,1.0
17-10-27_23:18:24,22.0,4000.0,0.0,38.8,2.2,1059191.38,935498.75,1.0
17-10-27_23:18:24,22.0,4000.0,0.0,38.8,2.2,1059191.38,935498.75,1.0
17-10-27_23:18:24,22.0,4000.0,0.0,38.8,2.2,1059191.38,935498.75,1.0
17-10-27_23:18:24,22.0,4000.0,0.0,38.8,2.2,1059191.38,935498.75,1.0
17-10-27_23:18:24,22.0,4000.0,0.0,38.8,2.2,1059191.38,935498.75,1.0
17-10-27_23:18:24,22.0,1355.9,0.0,38.8,2.2,1059191.38,935498.75,1.0
17-10-27_23:18:24,22.0,1355.9,0.0,38.8,2.2,1059191.38,935498.75,1.0
17-10-27_23:18:24,22.0,1355.9,0.0,38.8,2.2,1059191.38,935498.75,1.0
17-10-27_23:18:24,22.0,1355.9,0.0,38.8,2.2,1059191.38,935498.75,1.0
17-10-27_23:18:24,22.0,1355.9,0.0,38.8,2.2,1059191.38,935498.75,1.0
17-10-27_23:18:24,22.0,1355.9,0.0,38.8,2.2,1059191.38,935498.75,1.0
17-10-27_23:18:24,22.0,1355.9,0.0,38.8,2.2,1059191.38,935498.75,1.0
17-10-27_23:18:24,22.0,1355.9,0.0,38.8,2.2,1059191.38,935498.75,1.0
17-10-27_23:18:24,22.0,1355.9,0.0,38.8,2.2,1059191.38,935498.75,1.0
17-10-27_23:18:24,22.0,1355.9,0.0,38.8,2.2,1059191.38,935498.75,1.0
17-10-27_23:18:24,22.0,1355.9,0.0,38.8,2.2,1059191.38,935498.75,1.0
17-10-27_23:18:24,22.0,1355.9,0.0,38.8,2.2,1059191.38,935498.75,1.0
17-10-27_23:18:24,22.0,1355.9,0.0,38.8,2.2,1059191.38,935498.75,1.0
17-10-27_23:18:24,22.0,1355.9,0.0,38.8,2.2,1059191.38,935498.75,1.0
17-10-27_23:18:24,22.0,1355.9,0.0,38.8,2.2,1059191.38,935498.75,1.0
17-10-27_23:18:24,22.0,1355.9,0.0,38.8,2.2,1059191.38,935498.75,1.0
17-10-27_23:18:24,22.0,9500.0,0.0,38.8,2.2,1059191.38,935498.75,1.0
17-10-27_23:18:24,22.0,9500.0,0.0,38.8,2.2,1059191.38,935498.75,1.0
17-10-27_23:18:24,22.0,9500.0,0.0,38.8,2.2,1059191.38,935498.75,1.0
17-10-27_23:18:24,22.0,9500.0,0.0,38.8,2.2,1059191.38,935498.75,1.0
17-10-27_23:18:24,22.0,9500.0,0.0,38.8,2.2,1059191.38,935498.75,1.0
17-10-27_23:18:24,22.0,9500.0,0.0,38.8,2.2,1059191.38,935498.75,1.0
17-10-27_23:18:24,22.0,9500.0,0.0,38.8,2.2,1059191.38,935498.75,1.0
17-10-27_23:18:24,22.0,9500.0,0.0,38.8,2.2,1059191.38,935498.75,1.0
17-10-27_23:18:24,22.0,9500.0,0.0,38.8,2.2,1059191.38,935498.75,1.0
17-10-27_23:18:24,22.0,9500.0,0.0,38.8,2.2,1059191.38,935498.75,1.0
17-10-27_23:18:24,22.0,9500.0,0.0,38.8,2.2,1059191.38,935498.75,1.0
17-10-27_23:18:24,22.0,9500.0,0.0,38.8,2.2,1059191.38,935498.75,1.0
17-10-27_23:18:24,22.0,9500.0,0.0,38.8,2.2,1059191.38,935498.75,1.0
17-10-27_23:18:24,22.0,9500.0,0.0,38.8,2.2,1059191.38,935498.75,1.0
17-10-27_23:18:24,22.0,9500.0,0.0,38.8,2.2,1059191.38,935498.75,1.0
17-10-27_23:18:24,22.0,9500.0,0.0,38.8,2.2,1059191.38,935498.75,1.0
17-10-27_23:18:24,22.0,3000.0,0.0,38.8,2.2,1059191.38,935498.75,1.0
17-10-27_23:18:24,22.0,3000.0,0.0,38.8,2.2,1059191.38,935498.75,1.0
17-10-27_23:18:24,22.0,3000.0,0.0,38.8,2.2,1059191.38,935498.75,1.0
17-10-27_23:18:24,22.0,3000.0,0.0,38.8,2.2,1059191.38,935498.75,1.0
17-10-27_23:18:24,22.0,3000.0,0.0,38.8,2.2,1059191.38,935498.75,1.0
17-10-27_23:18:24,22.0,3000.0,0.0,38.8,2.2,1059191.38,935498.75,1.0
17-10-27_23:18:24,22.0,3000.0,0.0,38.8,2.2,1059191.38,935498.75,1.0
17-10-27_23:18:24,22.0,3000.0,0.0,38.8,2.2,1059191.38,935498.75,1.0
17-10-27_23:18:24,22.0,3000.0,0.0,38.8,2.2,1059191.38,935498.75,1.0
17-10-27_23:18:24,22.0,3000.0,0.0,38.8,2.2,1059191.38,935498.75,1.0
17-10-27_23:18:24,22.0,3000.0,0.0,38.8,2.2,1059191.38,935498.75,1.0
17-10-27_23:18:24,22.0,3000.0,0.0,38.8,2.2,1059191.38,935498.75,1.0
17-10-27_23:18:24,22.0,3000.0,0.0,38.8,2.2,1059191.38,935498.75,1.0
17-10-27_23:18:24,22.0,3000.0,0.0,38.8,2.2,1059191.38,935498.75,1.0
17-10-27_23:18:24,22.0,3000.0,0.0,38.8,2.2,1059191.38,935498.75,1.0
17-10-27_23:18:24,22.0,3000.0,0.0,38.8,2.2,1059191.38,935498.75,1.0
17-10-27_23:18:25,22.0,32900.0,0.0,38.8,2.2,1059191.38,935498.75,1.0
17-10-27_23:18:25,22.0,4000.0,0.0,38.8,2.2,1059191.38,935498.75,1.0
17-10-27_23:18:25,22.0,4000.0,0.0,38.8,2.2,1059191.38,935498.75,1.0
17-10-27_23:18:25,22.0,4000.0,0.0,38.8,2.2,1059191.38,935498.75,1.0
17-10-27_23:18:25,22.0,4000.0,0.0,38.8,2.2,1059191.38,935498.75,1.0
17-10-27_23:18:25,22.0,4000.0,0.0,38.8,2.2,1059191.38,935498.75,1.0
17-10-27_23:18:25,22.0,4000.0,0.0,38.8,2.2,1059191.38,935498.75,1.0
17-10-27_23:18:25,22.0,4000.0,0.0,38.8,2.2,1059191.38,935498.75,1.0
17-10-27_23:18:25,22.0,4000.0,0.0,38.8,2.2,1059191.38,935498.75,1.0
17-10-27_23:18:25,22.0,909.1,0.0,38.8,2.2,1059191.38,935498.75,1.0
17-10-27_23:18:25,22.0,32900.0,0.0,38.8,2.2,1059191.38,935498.75,1.0
17-10-27_23:18:25,22.0,164.4,0.0,38.8,2.2,1059191.38,935498.75,1.0
17-10-27_23:18:25,22.0,6.0,0.0,38.8,2.2,1059191.38,935498.75,1.0
17-10-27_23:18:25,22.0,3.3,0.0,38.8,2.2,1059191.38,935498.75,1.0
17-10-27_23:18:29,22.0,6.3,0.0,56.8,2.2,12865536.0,1383287.88,1.0
17-10-27_23:18:29,22.0,3.4,0.0,56.8,2.2,12865536.0,1383287.88,1.0
17-10-27_23:18:29,22.0,0.0,23.1,56.8,2.2,12865536.0,1383287.88,1.0
17-10-27_23:18:29,22.0,0.0,2.8,56.8,2.2,12865536.0,1383287.88,1.0
17-10-27_23:18:29,22.0,0.0,2.8,56.8,2.2,12865536.0,1383287.88,1.0
17-10-27_23:18:29,22.0,0.0,2.8,56.8,2.2,12865536.0,1383287.88,1.0
17-10-27_23:18:29,22.0,0.0,23.1,56.8,2.2,12865536.0,1383287.88,1.0
17-10-27_23:18:29,22.0,0.0,23.1,56.8,2.2,12865536.0,1383287.88,1.0
17-10-27_23:18:29,22.0,0.0,2.6,56.8,2.2,12865536.0,1383287.88,1.0
17-10-27_23:18:29,22.0,0.0,2.6,56.8,2.2,12865536.0,1383287.88,1.0
17-10-27_23:18:29,22.0,0.0,2.6,56.8,2.2,12865536.0,1383287.88,1.0
17-10-27_23:18:29,22.0,0.0,4200.0,56.8,2.2,12865536.0,1383287.88,1.0
17-10-27_23:18:29,22.0,0.0,4200.0,56.8,2.2,12865536.0,1383287.88,1.0
17-10-27_23:18:29,22.0,0.0,4200.0,56.8,2.2,12865536.0,1383287.88,1.0
17-10-27_23:18:29,22.0,0.0,4200.0,56.8,2.2,12865536.0,1383287.88,1.0
17-10-27_23:18:29,22.0,0.0,2.8,56.8,2.2,12865536.0,1383287.88,1.0
17-10-27_23:18:29,22.0,0.0,2.8,56.8,2.2,12865536.0,1383287.88,1.0
17-10-27_23:18:29,22.0,0.0,2.8,56.8,2.2,12865536.0,1383287.88,1.0
17-10-27_23:18:29,22.0,0.0,4200.0,56.8,2.2,12865536.0,1383287.88,1.0
17-10-27_23:18:29,22.0,0.0,4200.0,56.8,2.2,12865536.0,1383287.88,1.0
17-10-27_23:18:29,22.0,0.0,4200.0,56.8,2.2,12865536.0,1383287.88,1.0
17-10-27_23:18:29,22.0,0.0,4200.0,56.8,2.2,12865536.0,1383287.88,1.0
17-10-27_23:18:29,22.0,0.0,4100.0,56.8,2.2,12865536.0,1383287.88,1.0
17-10-27_23:18:29,22.0,0.0,4300.0,56.8,2.2,12865536.0,1383287.88,1.0
17-10-27_23:18:29,22.0,0.0,4100.0,56.8,2.2,12865536.0,1383287.88,1.0
17-10-27_23:18:29,22.0,0.0,4200.0,56.8,2.2,12865536.0,1383287.88,1.0
17-10-27_23:18:29,22.0,0.0,4300.0,56.8,2.2,12865536.0,1383287.88,1.0
17-10-27_23:18:29,22.0,0.0,4300.0,56.8,2.2,12865536.0,1383287.88,1.0
17-10-27_23:18:29,22.0,0.0,4200.0,56.8,2.2,12865536.0,1383287.88,1.0
17-10-27_23:18:29,22.0,0.0,4300.0,56.8,2.2,12865536.0,1383287.88,1.0
17-10-27_23:18:29,22.0,0.0,4.0,56.8,2.2,12865536.0,1383287.88,1.0
17-10-27_23:18:29,22.0,0.0,4000.0,56.8,2.2,12865536.0,1383287.88,1.0
17-10-27_23:18:29,22.0,0.0,1355.9,56.8,2.2,12865536.0,1383287.88,1.0
17-10-27_23:18:29,22.0,0.0,3000.0,56.8,2.2,12865536.0,1383287.88,1.0
17-10-27_23:18:29,22.0,0.0,4000.0,56.8,2.2,12865536.0,1383287.88,1.0
17-10-27_23:18:29,22.0,0.0,4000.0,56.8,2.2,12865536.0,1383287.88,1.0
17-10-27_23:18:29,22.0,0.0,4000.0,56.8,2.2,12865536.0,1383287.88,1.0
17-10-27_23:18:29,22.0,0.0,4000.0,56.8,2.2,12865536.0,1383287.88,1.0
17-10-27_23:18:29,22.0,0.0,4000.0,56.8,2.2,12865536.0,1383287.88,1.0
17-10-27_23:18:29,22.0,0.0,4000.0,56.8,2.2,12865536.0,1383287.88,1.0
17-10-27_23:18:29,22.0,0.0,4000.0,56.8,2.2,12865536.0,1383287.88,1.0
17-10-27_23:18:29,22.0,0.0,4000.0,56.8,2.2,12865536.0,1383287.88,1.0
17-10-27_23:18:29,22.0,0.0,909.1,56.8,2.2,12865536.0,1383287.88,1.0
17-10-27_23:18:29,22.0,0.0,164.4,56.8,2.2,12865536.0,1383287.88,1.0
17-10-27_23:18:29,22.0,0.0,2.6,56.8,2.2,12865536.0,1383287.88,1.0
17-10-27_23:18:29,22.0,0.0,2.6,56.8,2.2,12865536.0,1383287.88,1.0
17-10-27_23:18:29,22.0,0.0,2.6,56.8,2.2,12865536.0,1383287.88,1.0
17-10-27_23:18:29,22.0,0.0,3.3,56.8,2.2,12865536.0,1383287.88,1.0
17-10-27_23:18:29,22.0,0.0,3.3,56.8,2.2,12865536.0,1383287.88,1.0
17-10-27_23:18:29,22.0,0.0,3.3,56.8,2.2,12865536.0,1383287.88,1.0
17-10-27_23:18:29,22.0,0.0,3000.0,56.8,2.2,12865536.0,1383287.88,1.0
17-10-27_23:18:29,22.0,0.0,3000.0,56.8,2.2,12865536.0,1383287.88,1.0
17-10-27_23:18:29,22.0,0.0,3.4,56.8,2.2,12865536.0,1383287.88,1.0
17-10-27_23:18:29,22.0,0.0,3.4,56.8,2.2,12865536.0,1383287.88,1.0
17-10-27_23:18:29,22.0,0.0,100400.0,56.8,2.2,12865536.0,1383287.88,1.0
17-10-27_23:18:29,22.0,0.0,4000.0,56.8,2.2,12865536.0,1383287.88,1.0
17-10-27_23:18:29,22.0,0.0,4000.0,56.8,2.2,12865536.0,1383287.88,1.0
17-10-27_23:18:29,22.0,0.0,4000.0,56.8,2.2,12865536.0,1383287.88,1.0
17-10-27_23:18:29,22.0,0.0,4000.0,56.8,2.2,12865536.0,1383287.88,1.0
17-10-27_23:18:29,22.0,0.0,4000.0,56.8,2.2,12865536.0,1383287.88,1.0
17-10-27_23:18:29,22.0,0.0,4000.0,56.8,2.2,12865536.0,1383287.88,1.0
17-10-27_23:18:29,22.0,0.0,909.1,56.8,2.2,12865536.0,1383287.88,1.0
17-10-27_23:18:29,22.0,0.0,4000.0,56.8,2.2,12865536.0,1383287.88,1.0
17-10-27_23:18:29,22.0,0.0,4000.0,56.8,2.2,12865536.0,1383287.88,1.0
17-10-27_23:18:29,22.0,0.0,164.4,56.8,2.2,12865536.0,1383287.88,1.0
17-10-27_23:18:29,22.0,0.0,1355.9,56.8,2.2,12865536.0,1383287.88,1.0
17-10-27_23:18:29,22.0,0.0,4000.0,56.8,2.2,12865536.0,1383287.88,1.0
17-10-27_23:18:29,22.0,0.0,4.0,56.8,2.2,12865536.0,1383287.88,1.0
17-10-27_23:22:56,183.0,238.5,0.0,3.6,0.4,762.24,2124.25,1.0
17-10-27_23:22:56,183.0,238.5,0.0,3.6,0.4,762.24,2124.25,1.0
17-10-27_23:22:56,183.0,238.5,0.0,3.6,0.4,762.24,2124.25,1.0
17-10-27_23:22:56,183.0,238.5,0.0,3.6,0.4,762.24,2124.25,1.0
17-10-27_23:22:56,183.0,238.5,0.0,3.6,0.175,762.24,2124.25,1.0
17-10-27_23:22:56,183.0,238.5,0.0,3.6,0.175,762.24,2124.25,1.0
17-10-27_23:22:56,183.0,238.5,0.0,3.6,0.175,762.24,2124.25,1.0
17-10-27_23:22:56,183.0,238.5,0.0,3.6,0.175,762.24,2124.25,1.0
17-10-27_23:22:56,183.0,238.5,0.0,0.9,0.4,762.24,2124.25,1.0
17-10-27_23:22:56,183.0,238.5,0.0,0.9,0.4,762.24,2124.25,1.0
17-10-27_23:22:56,183.0,238.5,0.0,0.9,0.4,762.24,2124.25,1.0
17-10-27_23:22:56,183.0,238.5,0.0,0.9,0.4,762.24,2124.25,1.0
17-10-27_23:22:56,183.0,238.5,0.0,0.9,0.175,762.24,2124.25,1.0
17-10-27_23:22:56,183.0,238.5,0.0,0.9,0.175,762.24,2124.25,1.0
17-10-27_23:22:56,183.0,238.5,0.0,0.9,0.175,762.24,2124.25,1.0
17-10-27_23:22:56,183.0,238.5,0.0,0.9,0.175,762.24,2124.25,1.0
17-10-27_23:22:56,183.0,23.1,0.0,3.6,0.4,762.24,2124.25,1.0
17-10-27_23:22:56,183.0,23.1,0.0,3.6,0.4,762.24,2124.25,1.0
17-10-27_23:22:56,183.0,23.1,0.0,3.6,0.4,762.24,2124.25,1.0
17-10-27_23:22:56,183.0,23.1,0.0,3.6,0.4,762.24,2124.25,1.0
17-10-27_23:22:56,183.0,23.1,0.0,3.6,0.175,762.24,2124.25,1.0
17-10-27_23:22:56,183.0,23.1,0.0,3.6,0.175,762.24,2124.25,1.0
17-10-27_23:22:56,183.0,23.1,0.0,3.6,0.175,762.24,2124.25,1.0
17-10-27_23:22:56,183.0,23.1,0.0,3.6,0.175,762.24,2124.25,1.0
17-10-27_23:22:56,183.0,23.1,0.0,0.9,0.4,762.24,2124.25,1.0
17-10-27_23:22:56,183.0,23.1,0.0,0.9,0.4,762.24,2124.25,1.0
17-10-27_23:22:56,183.0,23.1,0.0,0.9,0.4,762.24,2124.25,1.0
17-10-27_23:22:56,183.0,23.1,0.0,0.9,0.4,762.24,2124.25,1.0
17-10-27_23:22:56,183.0,23.1,0.0,0.9,0.175,762.24,2124.25,1.0
17-10-27_23:22:56,183.0,23.1,0.0,0.9,0.175,762.24,2124.25,1.0
17-10-27_23:22:56,183.0,23.1,0.0,0.9,0.175,762.24,2124.25,1.0
17-10-27_23:22:56,183.0,23.1,0.0,0.9,0.175,762.24,2124.25,1.0
17-10-27_23:22:57,183.0,4.9,0.0,3.6,0.4,762.24,2124.25,1.0
17-10-27_23:22:57,183.0,2.8,0.0,3.6,0.4,762.24,2124.25,1.0
17-10-27_23:23:06,183.0,4.8,0.0,76.2,3.2,13613191.0,30715.98,1.0
17-10-27_23:23:06,183.0,2.6,0.0,76.2,3.2,13613191.0,30715.98,1.0
17-10-27_23:23:08,183.0,3.9,0.0,76.2,3.2,13613191.0,30715.98,1.0
17-10-27_23:23:08,183.0,3.9,0.0,76.2,3.2,13613191.0,23568.0475,1.0
17-10-27_23:23:08,183.0,3.9,0.0,76.2,3.2,10210083.81,30715.98,1.0
17-10-27_23:23:08,183.0,3.9,0.0,76.2,3.2,10210083.81,23568.0475,1.0
17-10-27_23:23:08,183.0,3.9,0.0,76.2,2.5,13613191.0,30715.98,1.0
17-10-27_23:23:08,183.0,3.9,0.0,76.2,2.5,13613191.0,23568.0475,1.0
17-10-27_23:23:08,183.0,3.9,0.0,76.2,2.5,10210083.81,30715.98,1.0
17-10-27_23:23:08,183.0,3.9,0.0,76.2,2.5,10210083.81,23568.0475,1.0
17-10-27_23:23:08,183.0,3.9,0.0,58.05,3.2,13613191.0,30715.98,1.0
17-10-27_23:23:08,183.0,3.9,0.0,58.05,3.2,13613191.0,23568.0475,1.0
17-10-27_23:23:08,183.0,3.9,0.0,58.05,3.2,10210083.81,30715.98,1.0
17-10-27_23:23:08,183.0,3.9,0.0,58.05,3.2,10210083.81,23568.0475,1.0
17-10-27_23:23:08,183.0,3.9,0.0,58.05,2.5,13613191.0,30715.98,1.0
17-10-27_23:23:08,183.0,3.9,0.0,58.05,2.5,13613191.0,23568.0475,1.0
17-10-27_23:23:08,183.0,3.9,0.0,58.05,2.5,10210083.81,30715.98,1.0
17-10-27_23:23:08,183.0,3.9,0.0,58.05,2.5,10210083.81,23568.0475,1.0
17-10-27_23:23:08,183.0,4.0,0.0,76.2,3.2,13613191.0,30715.98,1.0
17-10-27_23:23:08,183.0,4.0,0.0,76.2,3.2,13613191.0,23568.0475,1.0
17-10-27_23:23:08,183.0,4.0,0.0,76.2,3.2,10210083.81,30715.98,1.0
17-10-27_23:23:08,183.0,4.0,0.0,76.2,3.2,10210083.81,23568.0475,1.0
17-10-27_23:23:08,183.0,4.0,0.0,76.2,2.5,13613191.0,30715.98,1.0
17-10-27_23:23:08,183.0,4.0,0.0,76.2,2.5,13613191.0,23568.0475,1.0
17-10-27_23:23:08,183.0,4.0,0.0,76.2,2.5,10210083.81,30715.98,1.0
17-10-27_23:23:08,183.0,4.0,0.0,76.2,2.5,10210083.81,23568.0475,1.0
17-10-27_23:23:08,183.0,4.0,0.0,58.05,3.2,13613191.0,30715.98,1.0
17-10-27_23:23:08,183.0,4.0,0.0,58.05,3.2,13613191.0,23568.0475,1.0
17-10-27_23:23:08,183.0,4.0,0.0,58.05,3.2,10210083.81,30715.98,1.0
17-10-27_23:23:08,183.0,4.0,0.0,58.05,3.2,10210083.81,23568.0475,1.0
17-10-27_23:23:08,183.0,4.0,0.0,58.05,2.5,13613191.0,30715.98,1.0
17-10-27_23:23:08,183.0,4.0,0.0,58.05,2.5,13613191.0,23568.0475,1.0
17-10-27_23:23:08,183.0,4.0,0.0,58.05,2.5,10210083.81,30715.98,1.0
17-10-27_23:23:08,183.0,4.0,0.0,58.05,2.5,10210083.81,23568.0475,1.0
17-10-27_23:23:08,183.0,38000.0,0.0,76.2,3.2,13613191.0,30715.98,1.0
17-10-27_23:23:08,183.0,38000.0,0.0,76.2,3.2,13613191.0,23568.0475,1.0
17-10-27_23:23:08,183.0,38000.0,0.0,76.2,3.2,10210083.81,30715.98,1.0
17-10-27_23:23:08,183.0,38000.0,0.0,76.2,3.2,10210083.81,23568.0475,1.0
17-10-27_23:23:08,183.0,38000.0,0.0,76.2,2.5,13613191.0,30715.98,1.0
17-10-27_23:23:08,183.0,38000.0,0.0,76.2,2.5,13613191.0,23568.0475,1.0
17-10-27_23:23:08,183.0,38000.0,0.0,76.2,2.5,10210083.81,30715.98,1.0
17-10-27_23:23:08,183.0,38000.0,0.0,76.2,2.5,10210083.81,23568.0475,1.0
17-10-27_23:23:08,183.0,38000.0,0.0,58.05,3.2,13613191.0,30715.98,1.0
17-10-27_23:23:08,183.0,38000.0,0.0,58.05,3.2,13613191.0,23568.0475,1.0
17-10-27_23:23:08,183.0,38000.0,0.0,58.05,3.2,10210083.81,30715.98,1.0
17-10-27_23:23:08,183.0,38000.0,0.0,58.05,3.2,10210083.81,23568.0475,1.0
17-10-27_23:23:08,183.0,38000.0,0.0,58.05,2.5,13613191.0,30715.98,1.0
17-10-27_23:23:08,183.0,38000.0,0.0,58.05,2.5,13613191.0,23568.0475,1.0
17-10-27_23:23:08,183.0,38000.0,0.0,58.05,2.5,10210083.81,30715.98,1.0
17-10-27_23:23:08,183.0,38000.0,0.0,58.05,2.5,10210083.81,23568.0475,1.0
17-10-27_23:23:09,183.0,4000.0,0.0,76.2,3.2,13613191.0,30715.98,1.0
17-10-27_23:23:09,183.0,1355.9,0.0,76.2,3.2,13613191.0,30715.98,1.0
17-10-27_23:23:09,183.0,9500.0,0.0,76.2,3.2,13613191.0,30715.98,1.0
17-10-27_23:23:09,183.0,3000.0,0.0,76.2,3.2,13613191.0,30715.98,1.0
17-10-27_23:23:09,183.0,32900.0,0.0,76.2,3.2,13613191.0,30715.98,1.0
17-10-27_23:23:09,183.0,4000.0,0.0,76.2,3.2,13613191.0,30715.98,1.0
17-10-27_23:23:09,183.0,4000.0,0.0,76.2,3.2,13613191.0,30715.98,1.0
17-10-27_23:23:09,183.0,4000.0,0.0,76.2,3.2,13613191.0,30715.98,1.0
17-10-27_23:23:09,183.0,4000.0,0.0,76.2,3.2,13613191.0,30715.98,1.0
17-10-27_23:23:09,183.0,4000.0,0.0,76.2,3.2,13613191.0,30715.98,1.0
17-10-27_23:23:09,183.0,4000.0,0.0,76.2,3.2,13613191.0,30715.98,1.0
17-10-27_23:23:09,183.0,4000.0,0.0,76.2,3.2,13613191.0,30715.98,1.0
17-10-27_23:23:09,183.0,4000.0,0.0,76.2,3.2,13613191.0,30715.98,1.0
17-10-27_23:23:09,183.0,909.1,0.0,76.2,3.2,13613191.0,30715.98,1.0
17-10-27_23:23:09,183.0,32900.0,0.0,76.2,3.2,13613191.0,30715.98,1.0
17-10-27_23:23:09,183.0,164.4,0.0,76.2,3.2,13613191.0,30715.98,1.0
17-10-27_23:23:09,183.0,6.0,0.0,76.2,3.2,13613191.0,30715.98,1.0
17-10-27_23:23:09,183.0,3.3,0.0,76.2,3.2,13613191.0,30715.98,1.0
17-10-27_23:23:13,183.0,6.3,0.0,76.2,3.2,13613191.0,30715.98,1.0
17-10-27_23:23:13,183.0,3.4,0.0,76.2,3.2,13613191.0,30715.98,1.0
17-10-27_23:25:46,183.0,4.4,0.0,25.8,0.1,809.84,2478.31,1.0
17-10-27_23:25:46,183.0,2.4,0.0,25.8,0.1,809.84,2478.31,1.0
17-10-27_23:25:48,183.0,70.5,0.0,31.8,0.1,809.84,2478.31,1.0
17-10-27_23:25:48,183.0,70.5,0.0,31.8,0.1,809.84,2478.31,1.0
17-10-27_23:25:48,183.0,70.5,0.0,31.8,0.1,809.84,2478.31,1.0
17-10-27_23:25:48,183.0,70.5,0.0,31.8,0.1,809.84,2478.31,1.0
17-10-27_23:25:48,183.0,70.5,0.0,31.8,0.1,809.84,2478.31,1.0
17-10-27_23:25:48,183.0,70.5,0.0,31.8,0.1,809.84,2478.31,1.0
17-10-27_23:25:48,183.0,70.5,0.0,31.8,0.1,809.84,2478.31,1.0
17-10-27_23:25:48,183.0,70.5,0.0,31.8,0.1,809.84,2478.31,1.0
17-10-27_23:25:48,183.0,70.5,0.0,28.8,0.1,809.84,2478.31,1.0
17-10-27_23:25:48,183.0,70.5,0.0,28.8,0.1,809.84,2478.31,1.0
17-10-27_23:25:48,183.0,70.5,0.0,28.8,0.1,809.84,2478.31,1.0
17-10-27_23:25:48,183.0,70.5,0.0,28.8,0.1,809.84,2478.31,1.0
17-10-27_23:25:48,183.0,70.5,0.0,28.8,0.1,809.84,2478.31,1.0
17-10-27_23:25:48,183.0,70.5,0.0,28.8,0.1,809.84,2478.31,1.0
17-10-27_23:25:48,183.0,70.5,0.0,28.8,0.1,809.84,2478.31,1.0
17-10-27_23:25:48,183.0,70.5,0.0,28.8,0.1,809.84,2478.31,1.0
17-10-27_23:25:48,183.0,25.0,0.0,31.8,0.1,809.84,2478.31,1.0
17-10-27_23:25:48,183.0,25.0,0.0,31.8,0.1,809.84,2478.31,1.0
17-10-27_23:25:48,183.0,25.0,0.0,31.8,0.1,809.84,2478.31,1.0
17-10-27_23:25:48,183.0,25.0,0.0,31.8,0.1,809.84,2478.31,1.0
17-10-27_23:25:48,183.0,25.0,0.0,31.8,0.1,809.84,2478.31,1.0
17-10-27_23:25:48,183.0,25.0,0.0,31.8,0.1,809.84,2478.31,1.0
17-10-27_23:25:48,183.0,25.0,0.0,31.8,0.1,809.84,2478.31,1.0
17-10-27_23:25:48,183.0,25.0,0.0,31.8,0.1,809.84,2478.31,1.0
17-10-27_23:25:48,183.0,25.0,0.0,28.8,0.1,809.84,2478.31,1.0
17-10-27_23:25:48,183.0,25.0,0.0,28.8,0.1,809.84,2478.31,1.0
17-10-27_23:25:48,183.0,25.0,0.0,28.8,0.1,809.84,2478.31,1.0
17-10-27_23:25:48,183.0,25.0,0.0,28.8,0.1,809.84,2478.31,1.0
17-10-27_23:25:48,183.0,25.0,0.0,28.8,0.1,809.84,2478.31,1.0
17-10-27_23:25:48,183.0,25.0,0.0,28.8,0.1,809.84,2478.31,1.0
17-10-27_23:25:48,183.0,25.0,0.0,28.8,0.1,809.84,2478.31,1.0
17-10-27_23:25:48,183.0,25.0,0.0,28.8,0.1,809.84,2478.31,1.0
17-10-27_23:25:54,183.0,4.9,0.0,31.8,0.1,809.84,2478.31,1.0
17-10-27_23:25:54,183.0,2.9,0.0,31.8,0.1,809.84,2478.31,1.0
17-10-27_23:25:55,183.0,76.4,0.0,31.8,0.1,809.84,2478.31,1.0
17-10-27_23:25:55,183.0,28.2,0.0,31.8,0.1,809.84,2478.31,1.0
17-10-27_23:25:57,183.0,0.0,23.1,8.1,0.8,809.84,2478.31,1.0
17-10-27_23:25:57,183.0,0.0,2.8,8.1,0.8,809.84,2478.31,1.0
17-10-27_23:25:57,183.0,0.0,2.8,8.1,0.8,809.84,2478.31,1.0
17-10-27_23:25:57,183.0,0.0,2.8,8.1,0.8,809.84,2478.31,1.0
17-10-27_23:25:57,183.0,0.0,23.1,8.1,0.8,809.84,2478.31,1.0
17-10-27_23:25:57,183.0,0.0,23.1,8.1,0.8,809.84,2478.31,1.0
17-10-27_23:25:57,183.0,0.0,2.6,8.1,0.8,809.84,2478.31,1.0
17-10-27_23:25:57,183.0,0.0,2.6,8.1,0.8,809.84,2478.31,1.0
17-10-27_23:25:57,183.0,0.0,2.6,8.1,0.8,809.84,2478.31,1.0
17-10-27_23:25:57,183.0,0.0,4200.0,8.1,0.8,809.84,2478.31,1.0
17-10-27_23:25:57,183.0,0.0,4200.0,8.1,0.8,809.84,2478.31,1.0
17-10-27_23:25:57,183.0,0.0,4100.0,8.1,0.8,809.84,2478.31,1.0
17-10-27_23:25:57,183.0,0.0,4300.0,8.1,0.8,809.84,2478.31,1.0
17-10-27_23:25:57,183.0,0.0,4300.0,8.1,0.8,809.84,2478.31,1.0
17-10-27_23:25:57,183.0,0.0,4200.0,8.1,0.8,809.84,2478.31,1.0
17-10-27_23:25:57,183.0,0.0,2.8,8.1,0.8,809.84,2478.31,1.0
17-10-27_23:25:57,183.0,0.0,4200.0,8.1,0.8,809.84,2478.31,1.0
17-10-27_23:25:57,183.0,0.0,2.8,8.1,0.8,809.84,2478.31,1.0
17-10-27_23:25:57,183.0,0.0,2.8,8.1,0.8,809.84,2478.31,1.0
17-10-27_23:25:57,183.0,0.0,4200.0,8.1,0.8,809.84,2478.31,1.0
17-10-27_23:25:57,183.0,0.0,4100.0,8.1,0.8,809.84,2478.31,1.0
17-10-27_23:25:57,183.0,0.0,4300.0,8.1,0.8,809.84,2478.31,1.0
17-10-27_23:25:57,183.0,0.0,4200.0,8.1,0.8,809.84,2478.31,1.0
17-10-27_23:25:57,183.0,0.0,4200.0,8.1,0.8,809.84,2478.31,1.0
17-10-27_23:25:57,183.0,0.0,4300.0,8.1,0.8,809.84,2478.31,1.0
17-10-27_23:25:57,183.0,0.0,4200.0,8.1,0.8,809.84,2478.31,1.0
17-10-27_23:25:57,183.0,0.0,4200.0,8.1,0.8,809.84,2478.31,1.0
17-10-27_23:25:57,183.0,0.0,4200.0,8.1,0.8,809.84,2478.31,1.0
17-10-27_23:25:57,183.0,0.0,4.0,8.1,0.8,809.84,2478.31,1.0
17-10-27_23:25:57,183.0,0.0,4000.0,8.1,0.8,809.84,2478.31,1.0
17-10-27_23:25:57,183.0,0.0,1355.9,8.1,0.8,809.84,2478.31,1.0
17-10-27_23:25:57,183.0,0.0,3000.0,8.1,0.8,809.84,2478.31,1.0
17-10-27_23:25:57,183.0,0.0,4000.0,8.1,0.8,809.84,2478.31,1.0
17-10-27_23:25:57,183.0,0.0,4000.0,8.1,0.8,809.84,2478.31,1.0
17-10-27_23:25:57,183.0,0.0,4000.0,8.1,0.8,809.84,2478.31,1.0
17-10-27_23:25:57,183.0,0.0,4000.0,8.1,0.8,809.84,2478.31,1.0
17-10-27_23:25:57,183.0,0.0,4000.0,8.1,0.8,809.84,2478.31,1.0
17-10-27_23:25:57,183.0,0.0,4000.0,8.1,0.8,809.84,2478.31,1.0
17-10-27_23:25:57,183.0,0.0,4000.0,8.1,0.8,809.84,2478.31,1.0
17-10-27_23:25:57,183.0,0.0,4000.0,8.1,0.8,809.84,2478.31,1.0
17-10-27_23:25:57,183.0,0.0,909.1,8.1,0.8,809.84,2478.31,1.0
17-10-27_23:25:57,183.0,0.0,164.4,8.1,0.8,809.84,2478.31,1.0
17-10-27_23:25:57,183.0,0.0,3.3,8.1,0.8,809.84,2478.31,1.0
17-10-27_23:25:57,183.0,0.0,2.6,8.1,0.8,809.84,2478.31,1.0
17-10-27_23:25:57,183.0,0.0,2.6,8.1,0.8,809.84,2478.31,1.0
17-10-27_23:25:57,183.0,0.0,2.6,8.1,0.8,809.84,2478.31,1.0
17-10-27_23:25:57,183.0,0.0,3.3,8.1,0.8,809.84,2478.31,1.0
17-10-27_23:25:57,183.0,0.0,3.3,8.1,0.8,809.84,2478.31,1.0
17-10-27_23:25:57,183.0,0.0,3000.0,8.1,0.8,809.84,2478.31,1.0
17-10-27_23:25:57,183.0,0.0,3000.0,8.1,0.8,809.84,2478.31,1.0
17-10-27_23:25:57,183.0,0.0,3.4,8.1,0.8,809.84,2478.31,1.0
17-10-27_23:25:57,183.0,0.0,3.4,8.1,0.8,809.84,2478.31,1.0
17-10-27_23:25:57,183.0,0.0,100400.0,8.1,0.8,809.84,2478.31,1.0
17-10-27_23:25:57,183.0,0.0,4000.0,8.1,0.8,809.84,2478.31,1.0
17-10-27_23:25:57,183.0,0.0,909.1,8.1,0.8,809.84,2478.31,1.0
17-10-27_23:25:57,183.0,0.0,4000.0,8.1,0.8,809.84,2478.31,1.0
17-10-27_23:25:57,183.0,0.0,4000.0,8.1,0.8,809.84,2478.31,1.0
17-10-27_23:25:57,183.0,0.0,4000.0,8.1,0.8,809.84,2478.31,1.0
17-10-27_23:25:57,183.0,0.0,4000.0,8.1,0.8,809.84,2478.31,1.0
17-10-27_23:25:57,183.0,0.0,4000.0,8.1,0.8,809.84,2478.31,1.0
17-10-27_23:25:57,183.0,0.0,4000.0,8.1,0.8,809.84,2478.31,1.0
17-10-27_23:25:57,183.0,0.0,4000.0,8.1,0.8,809.84,2478.31,1.0
17-10-27_23:25:57,183.0,0.0,164.4,8.1,0.8,809.84,2478.31,1.0
17-10-27_23:25:57,183.0,0.0,1355.9,8.1,0.8,809.84,2478.31,1.0
17-10-27_23:25:57,183.0,0.0,4000.0,8.1,0.8,809.84,2478.31,1.0
17-10-27_23:25:57,183.0,0.0,4.0,8.1,0.8,809.84,2478.31,1.0
17-10-27_23:25:57,183.0,0.0,2.4,8.1,0.8,809.84,2478.31,1.0
17-10-27_23:25:57,183.0,0.0,2.4,8.1,0.8,809.84,2478.31,1.0
17-10-27_23:25:57,183.0,0.0,70200.0,8.1,0.8,809.84,2478.31,1.0
17-10-27_23:25:57,183.0,0.0,3.4,8.1,0.8,809.84,2478.31,1.0
17-10-27_23:25:57,183.0,0.0,3.4,8.1,0.8,809.84,2478.31,1.0
17-10-27_23:25:57,183.0,0.0,3.3,8.1,0.8,809.84,2478.31,1.0
17-10-27_23:25:57,183.0,0.0,3.3,8.1,0.8,809.84,2478.31,1.0
17-10-27_23:25:57,183.0,0.0,3.3,8.1,0.8,809.84,2478.31,1.0
17-10-27_23:25:57,183.0,0.0,70200.0,8.1,0.8,809.84,2478.31,1.0
17-10-27_23:25:57,183.0,0.0,4000.0,8.1,0.8,809.84,2478.31,1.0
17-10-27_23:25:57,183.0,0.0,4000.0,8.1,0.8,809.84,2478.31,1.0
17-10-27_23:25:57,183.0,0.0,4000.0,8.1,0.8,809.84,2478.31,1.0
17-10-27_23:25:57,183.0,0.0,164.4,8.1,0.8,809.84,2478.31,1.0
17-10-27_23:25:57,183.0,0.0,4000.0,8.1,0.8,809.84,2478.31,1.0
17-10-27_23:25:57,183.0,0.0,4000.0,8.1,0.8,809.84,2478.31,1.0
17-10-27_23:25:57,183.0,0.0,164.4,8.1,0.8,809.84,2478.31,1.0
17-10-27_23:25:57,183.0,0.0,4000.0,8.1,0.8,809.84,2478.31,1.0
17-10-27_23:25:57,183.0,0.0,4000.0,8.1,0.8,809.84,2478.31,1.0
17-10-27_23:25:57,183.0,0.0,4000.0,8.1,0.8,809.84,2478.31,1.0
17-10-27_23:25:57,183.0,0.0,4000.0,8.1,0.8,809.84,2478.31,1.0
17-10-27_23:25:57,183.0,0.0,4000.0,8.1,0.8,809.84,2478.31,1.0
17-10-27_23:25:57,183.0,0.0,909.1,8.1,0.8,809.84,2478.31,1.0
17-10-27_23:25:57,183.0,0.0,4000.0,8.1,0.8,809.84,2478.31,1.0
17-10-27_23:25:57,183.0,0.0,4000.0,8.1,0.8,809.84,2478.31,1.0
17-10-27_23:25:57,183.0,0.0,4000.0,8.1,0.8,809.84,2478.31,1.0
17-10-27_23:25:57,183.0,0.0,4000.0,8.1,0.8,809.84,2478.31,1.0
17-10-27_23:25:57,183.0,0.0,4000.0,8.1,0.8,809.84,2478.31,1.0
17-10-27_23:25:57,183.0,0.0,4000.0,8.1,0.8,809.84,2478.31,1.0
17-10-27_23:25:57,183.0,0.0,909.1,8.1,0.8,809.84,2478.31,1.0
17-10-27_23:25:57,183.0,0.0,4.0,8.1,0.8,809.84,2478.31,1.0
17-10-27_23:25:57,183.0,0.0,4000.0,8.1,0.8,809.84,2478.31,1.0
17-10-27_23:25:57,183.0,0.0,3000.0,8.1,0.8,809.84,2478.31,1.0
17-10-27_23:25:57,183.0,0.0,1355.9,8.1,0.8,809.84,2478.31,1.0
17-10-27_23:25:57,183.0,0.0,4.0,8.1,0.8,809.84,2478.31,1.0
17-10-27_23:25:57,183.0,0.0,3000.0,8.1,0.8,809.84,2478.31,1.0
17-10-27_23:25:57,183.0,0.0,4000.0,8.1,0.8,809.84,2478.31,1.0
17-10-27_23:25:57,183.0,0.0,1355.9,8.1,0.8,809.84,2478.31,1.0
17-10-27_23:25:57,183.0,0.0,3000.0,8.1,0.8,809.84,2478.31,1.0
17-10-27_23:25:57,183.0,0.0,25.0,8.1,0.8,809.84,2478.31,1.0
17-10-27_23:25:57,183.0,0.0,25.0,8.1,0.8,809.84,2478.31,1.0
17-10-27_23:25:57,183.0,0.0,25.0,8.1,0.8,809.84,2478.31,1.0
17-10-27_23:25:57,183.0,0.0,25.0,8.1,0.8,809.84,2478.31,1.0
17-10-27_23:25:57,183.0,0.0,2.4,8.1,0.8,809.84,2478.31,1.0
17-10-27_23:25:57,183.0,0.0,2.4,8.1,0.8,809.84,2478.31,1.0
17-10-27_23:25:57,183.0,0.0,2.9,8.1,0.8,809.84,2478.31,1.0
17-10-27_23:25:57,183.0,0.0,2.9,8.1,0.8,809.84,2478.31,1.0
17-10-27_23:25:57,183.0,0.0,2.9,8.1,0.8,809.84,2478.31,1.0
17-10-27_23:25:57,183.0,0.0,28.2,8.1,0.8,809.84,2478.31,1.0
17-10-27_23:25:57,183.0,0.0,28.2,8.1,0.8,809.84,2478.31,1.0
17-10-27_23:31:54,194.0,238.5,0.0,0.0,0.1,768.96,1682.97,1.0
17-10-27_23:31:55,194.0,23.1,0.0,0.0,0.1,768.96,1682.97,1.0
17-10-27_23:31:55,194.0,4.9,0.0,0.0,0.1,768.96,1682.97,1.0
17-10-27_23:31:55,194.0,2.8,0.0,0.0,0.1,768.96,1682.97,1.0
17-10-27_23:32:04,194.0,4.8,0.0,15.1,1.1,768.96,1682.97,1.0
17-10-27_23:32:04,194.0,4.8,0.0,15.1,1.1,768.96,1682.97,1.0
17-10-27_23:32:04,194.0,4.8,0.0,15.1,1.1,768.96,1682.97,1.0
17-10-27_23:32:04,194.0,4.8,0.0,15.1,1.1,768.96,1682.97,1.0
17-10-27_23:32:04,194.0,4.8,0.0,15.1,1.1,768.96,1682.97,1.0
17-10-27_23:32:04,194.0,4.8,0.0,15.1,1.1,768.96,1682.97,1.0
17-10-27_23:32:04,194.0,4.8,0.0,15.1,1.1,768.96,1682.97,1.0
17-10-27_23:32:04,194.0,4.8,0.0,15.1,1.1,768.96,1682.97,1.0
17-10-27_23:32:04,194.0,4.8,0.0,15.1,1.1,768.96,1682.97,1.0
17-10-27_23:32:04,194.0,4.8,0.0,15.1,1.1,768.96,1682.97,1.0
17-10-27_23:32:04,194.0,4.8,0.0,15.1,1.1,768.96,1682.97,1.0
17-10-27_23:32:04,194.0,4.8,0.0,15.1,1.1,768.96,1682.97,1.0
17-10-27_23:32:04,194.0,4.8,0.0,15.1,1.1,768.96,1682.97,1.0
17-10-27_23:32:04,194.0,4.8,0.0,15.1,1.1,768.96,1682.97,1.0
17-10-27_23:32:04,194.0,4.8,0.0,15.1,1.1,768.96,1682.97,1.0
17-10-27_23:32:04,194.0,4.8,0.0,15.1,1.1,768.96,1682.97,1.0
17-10-27_23:32:04,194.0,2.6,0.0,15.1,1.1,768.96,1682.97,1.0
17-10-27_23:32:04,194.0,2.6,0.0,15.1,1.1,768.96,1682.97,1.0
17-10-27_23:32:04,194.0,2.6,0.0,15.1,1.1,768.96,1682.97,1.0
17-10-27_23:32:04,194.0,2.6,0.0,15.1,1.1,768.96,1682.97,1.0
17-10-27_23:32:04,194.0,2.6,0.0,15.1,1.1,768.96,1682.97,1.0
17-10-27_23:32:04,194.0,2.6,0.0,15.1,1.1,768.96,1682.97,1.0
17-10-27_23:32:04,194.0,2.6,0.0,15.1,1.1,768.96,1682.97,1.0
17-10-27_23:32:04,194.0,2.6,0.0,15.1,1.1,768.96,1682.97,1.0
17-10-27_23:32:04,194.0,2.6,0.0,15.1,1.1,768.96,1682.97,1.0
17-10-27_23:32:04,194.0,2.6,0.0,15.1,1.1,768.96,1682.97,1.0
17-10-27_23:32:04,194.0,2.6,0.0,15.1,1.1,768.96,1682.97,1.0
17-10-27_23:32:04,194.0,2.6,0.0,15.1,1.1,768.96,1682.97,1.0
17-10-27_23:32:04,194.0,2.6,0.0,15.1,1.1,768.96,1682.97,1.0
17-10-27_23:32:04,194.0,2.6,0.0,15.1,1.1,768.96,1682.97,1.0
17-10-27_23:32:04,194.0,2.6,0.0,15.1,1.1,768.96,1682.97,1.0
17-10-27_23:32:04,194.0,2.6,0.0,15.1,1.1,768.96,1682.97,1.0
17-10-27_23:32:08,194.0,3.9,0.0,75.3,2.7,762.37,2268.92,1.0
17-10-27_23:32:08,194.0,3.9,0.0,75.3,2.7,762.37,1975.945,1.0
17-10-27_23:32:08,194.0,3.9,0.0,75.3,2.7,765.665,2268.92,1.0
17-10-27_23:32:08,194.0,3.9,0.0,75.3,2.7,765.665,1975.945,1.0
17-10-27_23:32:08,194.0,3.9,0.0,75.3,1.9,762.37,2268.92,1.0
17-10-27_23:32:08,194.0,3.9,0.0,75.3,1.9,762.37,1975.945,1.0
17-10-27_23:32:08,194.0,3.9,0.0,75.3,1.9,765.665,2268.92,1.0
17-10-27_23:32:08,194.0,3.9,0.0,75.3,1.9,765.665,1975.945,1.0
17-10-27_23:32:08,194.0,3.9,0.0,45.2,2.7,762.37,2268.92,1.0
17-10-27_23:32:08,194.0,3.9,0.0,45.2,2.7,762.37,1975.945,1.0
17-10-27_23:32:08,194.0,3.9,0.0,45.2,2.7,765.665,2268.92,1.0
17-10-27_23:32:08,194.0,3.9,0.0,45.2,2.7,765.665,1975.945,1.0
17-10-27_23:32:08,194.0,3.9,0.0,45.2,1.9,762.37,2268.92,1.0
17-10-27_23:32:08,194.0,3.9,0.0,45.2,1.9,762.37,1975.945,1.0
17-10-27_23:32:08,194.0,3.9,0.0,45.2,1.9,765.665,2268.92,1.0
17-10-27_23:32:08,194.0,3.9,0.0,45.2,1.9,765.665,1975.945,1.0
17-10-27_23:32:08,194.0,4.0,0.0,75.3,2.7,762.37,2268.92,1.0
17-10-27_23:32:08,194.0,4.0,0.0,75.3,2.7,762.37,1975.945,1.0
17-10-27_23:32:08,194.0,4.0,0.0,75.3,2.7,765.665,2268.92,1.0
17-10-27_23:32:08,194.0,4.0,0.0,75.3,2.7,765.665,1975.945,1.0
17-10-27_23:32:08,194.0,4.0,0.0,75.3,1.9,762.37,2268.92,1.0
17-10-27_23:32:08,194.0,4.0,0.0,75.3,1.9,762.37,1975.945,1.0
17-10-27_23:32:08,194.0,4.0,0.0,75.3,1.9,765.665,2268.92,1.0
17-10-27_23:32:08,194.0,4.0,0.0,75.3,1.9,765.665,1975.945,1.0
17-10-27_23:32:08,194.0,4.0,0.0,45.2,2.7,762.37,2268.92,1.0
17-10-27_23:32:08,194.0,4.0,0.0,45.2,2.7,762.37,1975.945,1.0
17-10-27_23:32:08,194.0,4.0,0.0,45.2,2.7,765.665,2268.92,1.0
17-10-27_23:32:08,194.0,4.0,0.0,45.2,2.7,765.665,1975.945,1.0
17-10-27_23:32:08,194.0,4.0,0.0,45.2,1.9,762.37,2268.92,1.0
17-10-27_23:32:08,194.0,4.0,0.0,45.2,1.9,762.37,1975.945,1.0
17-10-27_23:32:08,194.0,4.0,0.0,45.2,1.9,765.665,2268.92,1.0
17-10-27_23:32:08,194.0,4.0,0.0,45.2,1.9,765.665,1975.945,1.0
17-10-27_23:32:08,194.0,38000.0,0.0,75.3,2.7,762.37,2268.92,1.0
17-10-27_23:32:08,194.0,38000.0,0.0,75.3,2.7,762.37,1975.945,1.0
17-10-27_23:32:08,194.0,38000.0,0.0,75.3,2.7,765.665,2268.92,1.0
17-10-27_23:32:08,194.0,38000.0,0.0,75.3,2.7,765.665,1975.945,1.0
17-10-27_23:32:08,194.0,38000.0,0.0,75.3,1.9,762.37,2268.92,1.0
17-10-27_23:32:08,194.0,38000.0,0.0,75.3,1.9,762.37,1975.945,1.0
17-10-27_23:32:08,194.0,38000.0,0.0,75.3,1.9,765.665,2268.92,1.0
17-10-27_23:32:08,194.0,38000.0,0.0,75.3,1.9,765.665,1975.945,1.0
17-10-27_23:32:08,194.0,38000.0,0.0,45.2,2.7,762.37,2268.92,1.0
17-10-27_23:32:08,194.0,38000.0,0.0,45.2,2.7,762.37,1975.945,1.0
17-10-27_23:32:08,194.0,38000.0,0.0,45.2,2.7,765.665,2268.92,1.0
17-10-27_23:32:08,194.0,38000.0,0.0,45.2,2.7,765.665,1975.945,1.0
17-10-27_23:32:08,194.0,38000.0,0.0,45.2,1.9,762.37,2268.92,1.0
17-10-27_23:32:08,194.0,38000.0,0.0,45.2,1.9,762.37,1975.945,1.0
17-10-27_23:32:08,194.0,38000.0,0.0,45.2,1.9,765.665,2268.92,1.0
17-10-27_23:32:08,194.0,38000.0,0.0,45.2,1.9,765.665,1975.945,1.0
17-10-27_23:32:08,194.0,4000.0,0.0,75.3,2.7,762.37,2268.92,1.0
17-10-27_23:32:08,194.0,4000.0,0.0,75.3,2.7,762.37,1975.945,1.0
17-10-27_23:32:08,194.0,4000.0,0.0,75.3,2.7,765.665,2268.92,1.0
17-10-27_23:32:08,194.0,4000.0,0.0,75.3,2.7,765.665,1975.945,1.0
17-10-27_23:32:08,194.0,4000.0,0.0,75.3,1.9,762.37,2268.92,1.0
17-10-27_23:32:08,194.0,4000.0,0.0,75.3,1.9,762.37,1975.945,1.0
17-10-27_23:32:08,194.0,4000.0,0.0,75.3,1.9,765.665,2268.92,1.0
17-10-27_23:32:08,194.0,4000.0,0.0,75.3,1.9,765.665,1975.945,1.0
17-10-27_23:32:08,194.0,4000.0,0.0,45.2,2.7,762.37,2268.92,1.0
17-10-27_23:32:08,194.0,4000.0,0.0,45.2,2.7,762.37,1975.945,1.0
17-10-27_23:32:08,194.0,4000.0,0.0,45.2,2.7,765.665,2268.92,1.0
17-10-27_23:32:08,194.0,4000.0,0.0,45.2,2.7,765.665,1975.945,1.0
17-10-27_23:32:08,194.0,4000.0,0.0,45.2,1.9,762.37,2268.92,1.0
17-10-27_23:32:08,194.0,4000.0,0.0,45.2,1.9,762.37,1975.945,1.0
17-10-27_23:32:08,194.0,4000.0,0.0,45.2,1.9,765.665,2268.92,1.0
17-10-27_23:32:08,194.0,4000.0,0.0,45.2,1.9,765.665,1975.945,1.0
17-10-27_23:32:08,194.0,1355.9,0.0,75.3,2.7,762.37,2268.92,1.0
17-10-27_23:32:08,194.0,1355.9,0.0,75.3,2.7,762.37,1975.945,1.0
17-10-27_23:32:08,194.0,1355.9,0.0,75.3,2.7,765.665,2268.92,1.0
17-10-27_23:32:08,194.0,1355.9,0.0,75.3,2.7,765.665,1975.945,1.0
17-10-27_23:32:08,194.0,1355.9,0.0,75.3,1.9,762.37,2268.92,1.0
17-10-27_23:32:08,194.0,1355.9,0.0,75.3,1.9,762.37,1975.945,1.0
17-10-27_23:32:08,194.0,1355.9,0.0,75.3,1.9,765.665,2268.92,1.0
17-10-27_23:32:08,194.0,1355.9,0.0,75.3,1.9,765.665,1975.945,1.0
17-10-27_23:32:08,194.0,1355.9,0.0,45.2,2.7,762.37,2268.92,1.0
17-10-27_23:32:08,194.0,1355.9,0.0,45.2,2.7,762.37,1975.945,1.0
17-10-27_23:32:08,194.0,1355.9,0.0,45.2,2.7,765.665,2268.92,1.0
17-10-27_23:32:08,194.0,1355.9,0.0,45.2,2.7,765.665,1975.945,1.0
17-10-27_23:32:08,194.0,1355.9,0.0,45.2,1.9,762.37,2268.92,1.0
17-10-27_23:32:08,194.0,1355.9,0.0,45.2,1.9,762.37,1975.945,1.0
17-10-27_23:32:08,194.0,1355.9,0.0,45.2,1.9,765.665,2268.92,1.0
17-10-27_23:32:08,194.0,1355.9,0.0,45.2,1.9,765.665,1975.945,1.0
17-10-27_23:32:08,194.0,9500.0,0.0,75.3,2.7,762.37,2268.92,1.0
17-10-27_23:32:08,194.0,9500.0,0.0,75.3,2.7,762.37,1975.945,1.0
17-10-27_23:32:08,194.0,9500.0,0.0,75.3,2.7,765.665,2268.92,1.0
17-10-27_23:32:08,194.0,9500.0,0.0,75.3,2.7,765.665,1975.945,1.0
17-10-27_23:32:08,194.0,9500.0,0.0,75.3,1.9,762.37,2268.92,1.0
17-10-27_23:32:08,194.0,9500.0,0.0,75.3,1.9,762.37,1975.945,1.0
17-10-27_23:32:08,194.0,9500.0,0.0,75.3,1.9,765.665,2268.92,1.0
17-10-27_23:32:08,194.0,9500.0,0.0,75.3,1.9,765.665,1975.945,1.0
17-10-27_23:32:08,194.0,9500.0,0.0,45.2,2.7,762.37,2268.92,1.0
17-10-27_23:32:08,194.0,9500.0,0.0,45.2,2.7,762.37,1975.945,1.0
17-10-27_23:32:08,194.0,9500.0,0.0,45.2,2.7,765.665,2268.92,1.0
17-10-27_23:32:08,194.0,9500.0,0.0,45.2,2.7,765.665,1975.945,1.0
17-10-27_23:32:08,194.0,9500.0,0.0,45.2,1.9,762.37,2268.92,1.0
17-10-27_23:32:08,194.0,9500.0,0.0,45.2,1.9,762.37,1975.945,1.0
17-10-27_23:32:08,194.0,9500.0,0.0,45.2,1.9,765.665,2268.92,1.0
17-10-27_23:32:08,194.0,9500.0,0.0,45.2,1.9,765.665,1975.945,1.0
17-10-27_23:32:08,194.0,3000.0,0.0,75.3,2.7,762.37,2268.92,1.0
17-10-27_23:32:08,194.0,3000.0,0.0,75.3,2.7,762.37,1975.945,1.0
17-10-27_23:32:08,194.0,3000.0,0.0,75.3,2.7,765.665,2268.92,1.0
17-10-27_23:32:08,194.0,3000.0,0.0,75.3,2.7,765.665,1975.945,1.0
17-10-27_23:32:08,194.0,3000.0,0.0,75.3,1.9,762.37,2268.92,1.0
17-10-27_23:32:08,194.0,3000.0,0.0,75.3,1.9,762.37,1975.945,1.0
17-10-27_23:32:08,194.0,3000.0,0.0,75.3,1.9,765.665,2268.92,1.0
17-10-27_23:32:08,194.0,3000.0,0.0,75.3,1.9,765.665,1975.945,1.0
17-10-27_23:32:08,194.0,3000.0,0.0,45.2,2.7,762.37,2268.92,1.0
17-10-27_23:32:08,194.0,3000.0,0.0,45.2,2.7,762.37,1975.945,1.0
17-10-27_23:32:08,194.0,3000.0,0.0,45.2,2.7,765.665,2268.92,1.0
17-10-27_23:32:08,194.0,3000.0,0.0,45.2,2.7,765.665,1975.945,1.0
17-10-27_23:32:08,194.0,3000.0,0.0,45.2,1.9,762.37,2268.92,1.0
17-10-27_23:32:08,194.0,3000.0,0.0,45.2,1.9,762.37,1975.945,1.0
17-10-27_23:32:08,194.0,3000.0,0.0,45.2,1.9,765.665,2268.92,1.0
17-10-27_23:32:08,194.0,3000.0,0.0,45.2,1.9,765.665,1975.945,1.0
17-10-27_23:32:08,194.0,32900.0,0.0,75.3,2.7,762.37,2268.92,1.0
17-10-27_23:32:08,194.0,32900.0,0.0,75.3,2.7,762.37,1975.945,1.0
17-10-27_23:32:08,194.0,32900.0,0.0,75.3,2.7,765.665,2268.92,1.0
17-10-27_23:32:08,194.0,32900.0,0.0,75.3,2.7,765.665,1975.945,1.0
17-10-27_23:32:08,194.0,32900.0,0.0,75.3,1.9,762.37,2268.92,1.0
17-10-27_23:32:08,194.0,32900.0,0.0,75.3,1.9,762.37,1975.945,1.0
17-10-27_23:32:08,194.0,32900.0,0.0,75.3,1.9,765.665,2268.92,1.0
17-10-27_23:32:08,194.0,32900.0,0.0,75.3,1.9,765.665,1975.945,1.0
17-10-27_23:32:08,194.0,32900.0,0.0,45.2,2.7,762.37,2268.92,1.0
17-10-27_23:32:08,194.0,32900.0,0.0,45.2,2.7,762.37,1975.945,1.0
17-10-27_23:32:08,194.0,32900.0,0.0,45.2,2.7,765.665,2268.92,1.0
17-10-27_23:32:08,194.0,32900.0,0.0,45.2,2.7,765.665,1975.945,1.0
17-10-27_23:32:08,194.0,32900.0,0.0,45.2,1.9,762.37,2268.92,1.0
17-10-27_23:32:08,194.0,32900.0,0.0,45.2,1.9,762.37,1975.945,1.0
17-10-27_23:32:08,194.0,32900.0,0.0,45.2,1.9,765.665,2268.92,1.0
17-10-27_23:32:08,194.0,32900.0,0.0,45.2,1.9,765.665,1975.945,1.0
17-10-27_23:32:08,194.0,4000.0,0.0,75.3,2.7,762.37,2268.92,1.0
17-10-27_23:32:08,194.0,4000.0,0.0,75.3,2.7,762.37,1975.945,1.0
17-10-27_23:32:08,194.0,4000.0,0.0,75.3,2.7,765.665,2268.92,1.0
17-10-27_23:32:08,194.0,4000.0,0.0,75.3,2.7,765.665,1975.945,1.0
17-10-27_23:32:08,194.0,4000.0,0.0,75.3,1.9,762.37,2268.92,1.0
17-10-27_23:32:08,194.0,4000.0,0.0,75.3,1.9,762.37,1975.945,1.0
17-10-27_23:32:08,194.0,4000.0,0.0,75.3,1.9,765.665,2268.92,1.0
17-10-27_23:32:08,194.0,4000.0,0.0,75.3,1.9,765.665,1975.945,1.0
17-10-27_23:32:08,194.0,4000.0,0.0,45.2,2.7,762.37,2268.92,1.0
17-10-27_23:32:08,194.0,4000.0,0.0,45.2,2.7,762.37,1975.945,1.0
17-10-27_23:32:08,194.0,4000.0,0.0,45.2,2.7,765.665,2268.92,1.0
17-10-27_23:32:08,194.0,4000.0,0.0,45.2,2.7,765.665,1975.945,1.0
17-10-27_23:32:08,194.0,4000.0,0.0,45.2,1.9,762.37,2268.92,1.0
17-10-27_23:32:08,194.0,4000.0,0.0,45.2,1.9,762.37,1975.945,1.0
17-10-27_23:32:08,194.0,4000.0,0.0,45.2,1.9,765.665,2268.92,1.0
17-10-27_23:32:08,194.0,4000.0,0.0,45.2,1.9,765.665,1975.945,1.0
17-10-27_23:32:08,194.0,4000.0,0.0,75.3,2.7,762.37,2268.92,1.0
17-10-27_23:32:08,194.0,4000.0,0.0,75.3,2.7,762.37,1975.945,1.0
17-10-27_23:32:08,194.0,4000.0,0.0,75.3,2.7,765.665,2268.92,1.0
17-10-27_23:32:08,194.0,4000.0,0.0,75.3,2.7,765.665,1975.945,1.0
17-10-27_23:32:08,194.0,4000.0,0.0,75.3,1.9,762.37,2268.92,1.0
17-10-27_23:32:08,194.0,4000.0,0.0,75.3,1.9,762.37,1975.945,1.0
17-10-27_23:32:08,194.0,4000.0,0.0,75.3,1.9,765.665,2268.92,1.0
17-10-27_23:32:08,194.0,4000.0,0.0,75.3,1.9,765.665,1975.945,1.0
17-10-27_23:32:08,194.0,4000.0,0.0,45.2,2.7,762.37,2268.92,1.0
17-10-27_23:32:08,194.0,4000.0,0.0,45.2,2.7,762.37,1975.945,1.0
17-10-27_23:32:08,194.0,4000.0,0.0,45.2,2.7,765.665,2268.92,1.0
17-10-27_23:32:08,194.0,4000.0,0.0,45.2,2.7,765.665,1975.945,1.0
17-10-27_23:32:08,194.0,4000.0,0.0,45.2,1.9,762.37,2268.92,1.0
17-10-27_23:32:08,194.0,4000.0,0.0,45.2,1.9,762.37,1975.945,1.0
17-10-27_23:32:08,194.0,4000.0,0.0,45.2,1.9,765.665,2268.92,1.0
17-10-27_23:32:08,194.0,4000.0,0.0,45.2,1.9,765.665,1975.945,1.0
17-10-27_23:32:08,194.0,4000.0,0.0,75.3,2.7,762.37,2268.92,1.0
17-10-27_23:32:08,194.0,4000.0,0.0,75.3,2.7,762.37,1975.945,1.0
17-10-27_23:32:08,194.0,4000.0,0.0,75.3,2.7,765.665,2268.92,1.0
17-10-27_23:32:08,194.0,4000.0,0.0,75.3,2.7,765.665,1975.945,1.0
17-10-27_23:32:08,194.0,4000.0,0.0,75.3,1.9,762.37,2268.92,1.0
17-10-27_23:32:08,194.0,4000.0,0.0,75.3,1.9,762.37,1975.945,1.0
17-10-27_23:32:08,194.0,4000.0,0.0,75.3,1.9,765.665,2268.92,1.0
17-10-27_23:32:08,194.0,4000.0,0.0,75.3,1.9,765.665,1975.945,1.0
17-10-27_23:32:08,194.0,4000.0,0.0,45.2,2.7,762.37,2268.92,1.0
17-10-27_23:32:08,194.0,4000.0,0.0,45.2,2.7,762.37,1975.945,1.0
17-10-27_23:32:08,194.0,4000.0,0.0,45.2,2.7,765.665,2268.92,1.0
17-10-27_23:32:08,194.0,4000.0,0.0,45.2,2.7,765.665,1975.945,1.0
17-10-27_23:32:08,194.0,4000.0,0.0,45.2,1.9,762.37,2268.92,1.0
17-10-27_23:32:08,194.0,4000.0,0.0,45.2,1.9,762.37,1975.945,1.0
17-10-27_23:32:08,194.0,4000.0,0.0,45.2,1.9,765.665,2268.92,1.0
17-10-27_23:32:08,194.0,4000.0,0.0,45.2,1.9,765.665,1975.945,1.0
17-10-27_23:32:08,194.0,4000.0,0.0,75.3,2.7,762.37,2268.92,1.0
17-10-27_23:32:08,194.0,4000.0,0.0,75.3,2.7,762.37,1975.945,1.0
17-10-27_23:32:08,194.0,4000.0,0.0,75.3,2.7,765.665,2268.92,1.0
17-10-27_23:32:08,194.0,4000.0,0.0,75.3,2.7,765.665,1975.945,1.0
17-10-27_23:32:08,194.0,4000.0,0.0,75.3,1.9,762.37,2268.92,1.0
17-10-27_23:32:08,194.0,4000.0,0.0,75.3,1.9,762.37,1975.945,1.0
17-10-27_23:32:08,194.0,4000.0,0.0,75.3,1.9,765.665,2268.92,1.0
17-10-27_23:32:08,194.0,4000.0,0.0,75.3,1.9,765.665,1975.945,1.0
17-10-27_23:32:08,194.0,4000.0,0.0,45.2,2.7,762.37,2268.92,1.0
17-10-27_23:32:08,194.0,4000.0,0.0,45.2,2.7,762.37,1975.945,1.0
17-10-27_23:32:08,194.0,4000.0,0.0,45.2,2.7,765.665,2268.92,1.0
17-10-27_23:32:08,194.0,4000.0,0.0,45.2,2.7,765.665,1975.945,1.0
17-10-27_23:32:08,194.0,4000.0,0.0,45.2,1.9,762.37,2268.92,1.0
17-10-27_23:32:08,194.0,4000.0,0.0,45.2,1.9,762.37,1975.945,1.0
17-10-27_23:32:08,194.0,4000.0,0.0,45.2,1.9,765.665,2268.92,1.0
17-10-27_23:32:08,194.0,4000.0,0.0,45.2,1.9,765.665,1975.945,1.0
17-10-27_23:32:08,194.0,4000.0,0.0,75.3,2.7,762.37,2268.92,1.0
17-10-27_23:32:08,194.0,4000.0,0.0,75.3,2.7,762.37,1975.945,1.0
17-10-27_23:32:08,194.0,4000.0,0.0,75.3,2.7,765.665,2268.92,1.0
17-10-27_23:32:08,194.0,4000.0,0.0,75.3,2.7,765.665,1975.945,1.0
17-10-27_23:32:08,194.0,4000.0,0.0,75.3,1.9,762.37,2268.92,1.0
17-10-27_23:32:08,194.0,4000.0,0.0,75.3,1.9,762.37,1975.945,1.0
17-10-27_23:32:08,194.0,4000.0,0.0,75.3,1.9,765.665,2268.92,1.0
17-10-27_23:32:08,194.0,4000.0,0.0,75.3,1.9,765.665,1975.945,1.0
17-10-27_23:32:08,194.0,4000.0,0.0,45.2,2.7,762.37,2268.92,1.0
17-10-27_23:32:08,194.0,4000.0,0.0,45.2,2.7,762.37,1975.945,1.0
17-10-27_23:32:08,194.0,4000.0,0.0,45.2,2.7,765.665,2268.92,1.0
17-10-27_23:32:08,194.0,4000.0,0.0,45.2,2.7,765.665,1975.945,1.0
17-10-27_23:32:08,194.0,4000.0,0.0,45.2,1.9,762.37,2268.92,1.0
17-10-27_23:32:08,194.0,4000.0,0.0,45.2,1.9,762.37,1975.945,1.0
17-10-27_23:32:08,194.0,4000.0,0.0,45.2,1.9,765.665,2268.92,1.0
17-10-27_23:32:08,194.0,4000.0,0.0,45.2,1.9,765.665,1975.945,1.0
17-10-27_23:32:08,194.0,4000.0,0.0,75.3,2.7,762.37,2268.92,1.0
17-10-27_23:32:08,194.0,4000.0,0.0,75.3,2.7,762.37,1975.945,1.0
17-10-27_23:32:08,194.0,4000.0,0.0,75.3,2.7,765.665,2268.92,1.0
17-10-27_23:32:08,194.0,4000.0,0.0,75.3,2.7,765.665,1975.945,1.0
17-10-27_23:32:08,194.0,4000.0,0.0,75.3,1.9,762.37,2268.92,1.0
17-10-27_23:32:08,194.0,4000.0,0.0,75.3,1.9,762.37,1975.945,1.0
17-10-27_23:32:08,194.0,4000.0,0.0,75.3,1.9,765.665,2268.92,1.0
17-10-27_23:32:08,194.0,4000.0,0.0,75.3,1.9,765.665,1975.945,1.0
17-10-27_23:32:08,194.0,4000.0,0.0,45.2,2.7,762.37,2268.92,1.0
17-10-27_23:32:08,194.0,4000.0,0.0,45.2,2.7,762.37,1975.945,1.0
17-10-27_23:32:08,194.0,4000.0,0.0,45.2,2.7,765.665,2268.92,1.0
17-10-27_23:32:08,194.0,4000.0,0.0,45.2,2.7,765.665,1975.945,1.0
17-10-27_23:32:08,194.0,4000.0,0.0,45.2,1.9,762.37,2268.92,1.0
17-10-27_23:32:08,194.0,4000.0,0.0,45.2,1.9,762.37,1975.945,1.0
17-10-27_23:32:08,194.0,4000.0,0.0,45.2,1.9,765.665,2268.92,1.0
17-10-27_23:32:08,194.0,4000.0,0.0,45.2,1.9,765.665,1975.945,1.0
17-10-27_23:32:08,194.0,4000.0,0.0,75.3,2.7,762.37,2268.92,1.0
17-10-27_23:32:08,194.0,4000.0,0.0,75.3,2.7,762.37,1975.945,1.0
17-10-27_23:32:08,194.0,4000.0,0.0,75.3,2.7,765.665,2268.92,1.0
17-10-27_23:32:08,194.0,4000.0,0.0,75.3,2.7,765.665,1975.945,1.0
17-10-27_23:32:08,194.0,4000.0,0.0,75.3,1.9,762.37,2268.92,1.0
17-10-27_23:32:08,194.0,4000.0,0.0,75.3,1.9,762.37,1975.945,1.0
17-10-27_23:32:08,194.0,4000.0,0.0,75.3,1.9,765.665,2268.92,1.0
17-10-27_23:32:08,194.0,4000.0,0.0,75.3,1.9,765.665,1975.945,1.0
17-10-27_23:32:08,194.0,4000.0,0.0,45.2,2.7,762.37,2268.92,1.0
17-10-27_23:32:08,194.0,4000.0,0.0,45.2,2.7,762.37,1975.945,1.0
17-10-27_23:32:08,194.0,4000.0,0.0,45.2,2.7,765.665,2268.92,1.0
17-10-27_23:32:08,194.0,4000.0,0.0,45.2,2.7,765.665,1975.945,1.0
17-10-27_23:32:08,194.0,4000.0,0.0,45.2,1.9,762.37,2268.92,1.0
17-10-27_23:32:08,194.0,4000.0,0.0,45.2,1.9,762.37,1975.945,1.0
17-10-27_23:32:08,194.0,4000.0,0.0,45.2,1.9,765.665,2268.92,1.0
17-10-27_23:32:08,194.0,4000.0,0.0,45.2,1.9,765.665,1975.945,1.0
17-10-27_23:32:08,194.0,4000.0,0.0,75.3,2.7,762.37,2268.92,1.0
17-10-27_23:32:08,194.0,4000.0,0.0,75.3,2.7,762.37,1975.945,1.0
17-10-27_23:32:08,194.0,4000.0,0.0,75.3,2.7,765.665,2268.92,1.0
17-10-27_23:32:08,194.0,4000.0,0.0,75.3,2.7,765.665,1975.945,1.0
17-10-27_23:32:08,194.0,4000.0,0.0,75.3,1.9,762.37,2268.92,1.0
17-10-27_23:32:08,194.0,4000.0,0.0,75.3,1.9,762.37,1975.945,1.0
17-10-27_23:32:08,194.0,4000.0,0.0,75.3,1.9,765.665,2268.92,1.0
17-10-27_23:32:08,194.0,4000.0,0.0,75.3,1.9,765.665,1975.945,1.0
17-10-27_23:32:08,194.0,4000.0,0.0,45.2,2.7,762.37,2268.92,1.0
17-10-27_23:32:08,194.0,4000.0,0.0,45.2,2.7,762.37,1975.945,1.0
17-10-27_23:32:08,194.0,4000.0,0.0,45.2,2.7,765.665,2268.92,1.0
17-10-27_23:32:08,194.0,4000.0,0.0,45.2,2.7,765.665,1975.945,1.0
17-10-27_23:32:08,194.0,4000.0,0.0,45.2,1.9,762.37,2268.92,1.0
17-10-27_23:32:08,194.0,4000.0,0.0,45.2,1.9,762.37,1975.945,1.0
17-10-27_23:32:08,194.0,4000.0,0.0,45.2,1.9,765.665,2268.92,1.0
17-10-27_23:32:08,194.0,4000.0,0.0,45.2,1.9,765.665,1975.945,1.0
17-10-27_23:32:08,194.0,909.1,0.0,75.3,2.7,762.37,2268.92,1.0
17-10-27_23:32:08,194.0,909.1,0.0,75.3,2.7,762.37,1975.945,1.0
17-10-27_23:32:08,194.0,909.1,0.0,75.3,2.7,765.665,2268.92,1.0
17-10-27_23:32:08,194.0,909.1,0.0,75.3,2.7,765.665,1975.945,1.0
17-10-27_23:32:08,194.0,909.1,0.0,75.3,1.9,762.37,2268.92,1.0
17-10-27_23:32:08,194.0,909.1,0.0,75.3,1.9,762.37,1975.945,1.0
17-10-27_23:32:08,194.0,909.1,0.0,75.3,1.9,765.665,2268.92,1.0
17-10-27_23:32:08,194.0,909.1,0.0,75.3,1.9,765.665,1975.945,1.0
17-10-27_23:32:08,194.0,909.1,0.0,45.2,2.7,762.37,2268.92,1.0
17-10-27_23:32:08,194.0,909.1,0.0,45.2,2.7,762.37,1975.945,1.0
17-10-27_23:32:08,194.0,909.1,0.0,45.2,2.7,765.665,2268.92,1.0
17-10-27_23:32:08,194.0,909.1,0.0,45.2,2.7,765.665,1975.945,1.0
17-10-27_23:32:08,194.0,909.1,0.0,45.2,1.9,762.37,2268.92,1.0
17-10-27_23:32:08,194.0,909.1,0.0,45.2,1.9,762.37,1975.945,1.0
17-10-27_23:32:08,194.0,909.1,0.0,45.2,1.9,765.665,2268.92,1.0
17-10-27_23:32:08,194.0,909.1,0.0,45.2,1.9,765.665,1975.945,1.0
17-10-27_23:32:08,194.0,32900.0,0.0,75.3,2.7,762.37,2268.92,1.0
17-10-27_23:32:08,194.0,32900.0,0.0,75.3,2.7,762.37,1975.945,1.0
17-10-27_23:32:08,194.0,32900.0,0.0,75.3,2.7,765.665,2268.92,1.0
17-10-27_23:32:08,194.0,32900.0,0.0,75.3,2.7,765.665,1975.945,1.0
17-10-27_23:32:08,194.0,32900.0,0.0,75.3,1.9,762.37,2268.92,1.0
17-10-27_23:32:08,194.0,32900.0,0.0,75.3,1.9,762.37,1975.945,1.0
17-10-27_23:32:08,194.0,32900.0,0.0,75.3,1.9,765.665,2268.92,1.0
17-10-27_23:32:08,194.0,32900.0,0.0,75.3,1.9,765.665,1975.945,1.0
17-10-27_23:32:08,194.0,32900.0,0.0,45.2,2.7,762.37,2268.92,1.0
17-10-27_23:32:08,194.0,32900.0,0.0,45.2,2.7,762.37,1975.945,1.0
17-10-27_23:32:08,194.0,32900.0,0.0,45.2,2.7,765.665,2268.92,1.0
17-10-27_23:32:08,194.0,32900.0,0.0,45.2,2.7,765.665,1975.945,1.0
17-10-27_23:32:08,194.0,32900.0,0.0,45.2,1.9,762.37,2268.92,1.0
17-10-27_23:32:08,194.0,32900.0,0.0,45.2,1.9,762.37,1975.945,1.0
17-10-27_23:32:08,194.0,32900.0,0.0,45.2,1.9,765.665,2268.92,1.0
17-10-27_23:32:08,194.0,32900.0,0.0,45.2,1.9,765.665,1975.945,1.0
17-10-27_23:32:08,194.0,164.4,0.0,75.3,2.7,762.37,2268.92,1.0
17-10-27_23:32:08,194.0,164.4,0.0,75.3,2.7,762.37,1975.945,1.0
17-10-27_23:32:08,194.0,164.4,0.0,75.3,2.7,765.665,2268.92,1.0
17-10-27_23:32:08,194.0,164.4,0.0,75.3,2.7,765.665,1975.945,1.0
17-10-27_23:32:08,194.0,164.4,0.0,75.3,1.9,762.37,2268.92,1.0
17-10-27_23:32:08,194.0,164.4,0.0,75.3,1.9,762.37,1975.945,1.0
17-10-27_23:32:08,194.0,164.4,0.0,75.3,1.9,765.665,2268.92,1.0
17-10-27_23:32:08,194.0,164.4,0.0,75.3,1.9,765.665,1975.945,1.0
17-10-27_23:32:08,194.0,164.4,0.0,45.2,2.7,762.37,2268.92,1.0
17-10-27_23:32:08,194.0,164.4,0.0,45.2,2.7,762.37,1975.945,1.0
17-10-27_23:32:08,194.0,164.4,0.0,45.2,2.7,765.665,2268.92,1.0
17-10-27_23:32:08,194.0,164.4,0.0,45.2,2.7,765.665,1975.945,1.0
17-10-27_23:32:08,194.0,164.4,0.0,45.2,1.9,762.37,2268.92,1.0
17-10-27_23:32:08,194.0,164.4,0.0,45.2,1.9,762.37,1975.945,1.0
17-10-27_23:32:08,194.0,164.4,0.0,45.2,1.9,765.665,2268.92,1.0
17-10-27_23:32:08,194.0,164.4,0.0,45.2,1.9,765.665,1975.945,1.0
17-10-27_23:32:08,194.0,6.0,0.0,75.3,2.7,762.37,2268.92,1.0
17-10-27_23:32:08,194.0,6.0,0.0,75.3,2.7,762.37,1975.945,1.0
17-10-27_23:32:08,194.0,6.0,0.0,75.3,2.7,765.665,2268.92,1.0
17-10-27_23:32:08,194.0,6.0,0.0,75.3,2.7,765.665,1975.945,1.0
17-10-27_23:32:08,194.0,6.0,0.0,75.3,1.9,762.37,2268.92,1.0
17-10-27_23:32:08,194.0,6.0,0.0,75.3,1.9,762.37,1975.945,1.0
17-10-27_23:32:08,194.0,6.0,0.0,75.3,1.9,765.665,2268.92,1.0
17-10-27_23:32:08,194.0,6.0,0.0,75.3,1.9,765.665,1975.945,1.0
17-10-27_23:32:08,194.0,6.0,0.0,45.2,2.7,762.37,2268.92,1.0
17-10-27_23:32:08,194.0,6.0,0.0,45.2,2.7,762.37,1975.945,1.0
17-10-27_23:32:08,194.0,6.0,0.0,45.2,2.7,765.665,2268.92,1.0
17-10-27_23:32:08,194.0,6.0,0.0,45.2,2.7,765.665,1975.945,1.0
17-10-27_23:32:08,194.0,6.0,0.0,45.2,1.9,762.37,2268.92,1.0
17-10-27_23:32:08,194.0,6.0,0.0,45.2,1.9,762.37,1975.945,1.0
17-10-27_23:32:08,194.0,6.0,0.0,45.2,1.9,765.665,2268.92,1.0
17-10-27_23:32:08,194.0,6.0,0.0,45.2,1.9,765.665,1975.945,1.0
17-10-27_23:32:08,194.0,3.3,0.0,75.3,2.7,762.37,2268.92,1.0
17-10-27_23:32:08,194.0,3.3,0.0,75.3,2.7,762.37,1975.945,1.0
17-10-27_23:32:08,194.0,3.3,0.0,75.3,2.7,765.665,2268.92,1.0
17-10-27_23:32:08,194.0,3.3,0.0,75.3,2.7,765.665,1975.945,1.0
17-10-27_23:32:08,194.0,3.3,0.0,75.3,1.9,762.37,2268.92,1.0
17-10-27_23:32:08,194.0,3.3,0.0,75.3,1.9,762.37,1975.945,1.0
17-10-27_23:32:08,194.0,3.3,0.0,75.3,1.9,765.665,2268.92,1.0
17-10-27_23:32:08,194.0,3.3,0.0,75.3,1.9,765.665,1975.945,1.0
17-10-27_23:32:08,194.0,3.3,0.0,45.2,2.7,762.37,2268.92,1.0
17-10-27_23:32:08,194.0,3.3,0.0,45.2,2.7,762.37,1975.945,1.0
17-10-27_23:32:08,194.0,3.3,0.0,45.2,2.7,765.665,2268.92,1.0
17-10-27_23:32:08,194.0,3.3,0.0,45.2,2.7,765.665,1975.945,1.0
17-10-27_23:32:08,194.0,3.3,0.0,45.2,1.9,762.37,2268.92,1.0
17-10-27_23:32:08,194.0,3.3,0.0,45.2,1.9,762.37,1975.945,1.0
17-10-27_23:32:08,194.0,3.3,0.0,45.2,1.9,765.665,2268.92,1.0
17-10-27_23:32:08,194.0,3.3,0.0,45.2,1.9,765.665,1975.945,1.0
17-10-27_23:32:13,194.0,6.3,0.0,75.3,2.7,762.37,2268.92,1.0
17-10-27_23:32:13,194.0,3.4,0.0,75.3,2.7,762.37,2268.92,1.0
17-10-27_23:34:54,194.0,4.4,0.0,0.1,0.1,793.48,1746.99,1.0
17-10-27_23:34:54,194.0,2.4,0.0,0.1,0.1,793.48,1746.99,1.0
17-10-27_23:34:57,194.0,70.5,0.0,0.2,0.1,793.48,1746.99,1.0
17-10-27_23:34:57,194.0,25.0,0.0,0.2,0.1,793.48,1746.99,1.0
17-10-27_23:35:01,194.0,4.9,0.0,0.2,0.1,793.48,1746.99,1.0
17-10-27_23:35:01,194.0,2.9,0.0,0.2,0.1,793.48,1746.99,1.0
17-10-27_23:35:04,194.0,76.4,0.0,0.2,0.1,793.48,1746.99,1.0
17-10-27_23:35:04,194.0,76.4,0.0,0.2,0.1,793.48,1746.99,1.0
17-10-27_23:35:04,194.0,76.4,0.0,0.2,0.1,793.48,1746.99,1.0
17-10-27_23:35:04,194.0,76.4,0.0,0.2,0.1,793.48,1746.99,1.0
17-10-27_23:35:04,194.0,76.4,0.0,0.2,0.1,793.48,1746.99,1.0
17-10-27_23:35:04,194.0,76.4,0.0,0.2,0.1,793.48,1746.99,1.0
17-10-27_23:35:04,194.0,76.4,0.0,0.2,0.1,793.48,1746.99,1.0
17-10-27_23:35:04,194.0,76.4,0.0,0.2,0.1,793.48,1746.99,1.0
17-10-27_23:35:04,194.0,76.4,0.0,0.2,0.1,793.48,1746.99,1.0
17-10-27_23:35:04,194.0,76.4,0.0,0.2,0.1,793.48,1746.99,1.0
17-10-27_23:35:04,194.0,76.4,0.0,0.2,0.1,793.48,1746.99,1.0
17-10-27_23:35:04,194.0,76.4,0.0,0.2,0.1,793.48,1746.99,1.0
17-10-27_23:35:04,194.0,76.4,0.0,0.2,0.1,793.48,1746.99,1.0
17-10-27_23:35:04,194.0,76.4,0.0,0.2,0.1,793.48,1746.99,1.0
17-10-27_23:35:04,194.0,76.4,0.0,0.2,0.1,793.48,1746.99,1.0
17-10-27_23:35:04,194.0,76.4,0.0,0.2,0.1,793.48,1746.99,1.0
17-10-27_23:35:04,194.0,28.2,0.0,0.2,0.1,793.48,1746.99,1.0
17-10-27_23:35:04,194.0,28.2,0.0,0.2,0.1,793.48,1746.99,1.0
17-10-27_23:35:04,194.0,28.2,0.0,0.2,0.1,793.48,1746.99,1.0
17-10-27_23:35:04,194.0,28.2,0.0,0.2,0.1,793.48,1746.99,1.0
17-10-27_23:35:04,194.0,28.2,0.0,0.2,0.1,793.48,1746.99,1.0
17-10-27_23:35:04,194.0,28.2,0.0,0.2,0.1,793.48,1746.99,1.0
17-10-27_23:35:04,194.0,28.2,0.0,0.2,0.1,793.48,1746.99,1.0
17-10-27_23:35:04,194.0,28.2,0.0,0.2,0.1,793.48,1746.99,1.0
17-10-27_23:35:04,194.0,28.2,0.0,0.2,0.1,793.48,1746.99,1.0
17-10-27_23:35:04,194.0,28.2,0.0,0.2,0.1,793.48,1746.99,1.0
17-10-27_23:35:04,194.0,28.2,0.0,0.2,0.1,793.48,1746.99,1.0
17-10-27_23:35:04,194.0,28.2,0.0,0.2,0.1,793.48,1746.99,1.0
17-10-27_23:35:04,194.0,28.2,0.0,0.2,0.1,793.48,1746.99,1.0
17-10-27_23:35:04,194.0,28.2,0.0,0.2,0.1,793.48,1746.99,1.0
17-10-27_23:35:04,194.0,28.2,0.0,0.2,0.1,793.48,1746.99,1.0
17-10-27_23:35:04,194.0,28.2,0.0,0.2,0.1,793.48,1746.99,1.0
17-10-27_23:35:06,194.0,0.0,23.1,0.2,0.1,793.48,1746.99,1.0
17-10-27_23:35:06,194.0,0.0,2.8,0.2,0.1,793.48,1746.99,1.0
17-10-27_23:35:06,194.0,0.0,2.8,0.2,0.1,793.48,1746.99,1.0
17-10-27_23:35:06,194.0,0.0,2.8,0.2,0.1,793.48,1746.99,1.0
17-10-27_23:35:06,194.0,0.0,23.1,0.2,0.1,793.48,1746.99,1.0
17-10-27_23:35:06,194.0,0.0,23.1,0.2,0.1,793.48,1746.99,1.0
17-10-27_23:35:06,194.0,0.0,2.6,0.2,0.1,793.48,1746.99,1.0
17-10-27_23:35:06,194.0,0.0,2.6,0.2,0.1,793.48,1746.99,1.0
17-10-27_23:35:06,194.0,0.0,2.6,0.2,0.1,793.48,1746.99,1.0
17-10-27_23:35:06,194.0,0.0,4200.0,0.2,0.1,793.48,1746.99,1.0
17-10-27_23:35:06,194.0,0.0,4200.0,0.2,0.1,793.48,1746.99,1.0
17-10-27_23:35:06,194.0,0.0,4200.0,0.2,0.1,793.48,1746.99,1.0
17-10-27_23:35:06,194.0,0.0,4200.0,0.2,0.1,793.48,1746.99,1.0
17-10-27_23:35:06,194.0,0.0,2.8,0.2,0.1,793.48,1746.99,1.0
17-10-27_23:35:06,194.0,0.0,2.8,0.2,0.1,793.48,1746.99,1.0
17-10-27_23:35:06,194.0,0.0,4200.0,0.2,0.1,793.48,1746.99,1.0
17-10-27_23:35:06,194.0,0.0,4200.0,0.2,0.1,793.48,1746.99,1.0
17-10-27_23:35:06,194.0,0.0,4200.0,0.2,0.1,793.48,1746.99,1.0
17-10-27_23:35:06,194.0,0.0,4200.0,0.2,0.1,793.48,1746.99,1.0
17-10-27_23:35:06,194.0,0.0,2.8,0.2,0.1,793.48,1746.99,1.0
17-10-27_23:35:06,194.0,0.0,4100.0,0.2,0.1,793.48,1746.99,1.0
17-10-27_23:35:06,194.0,0.0,4300.0,0.2,0.1,793.48,1746.99,1.0
17-10-27_23:35:06,194.0,0.0,4300.0,0.2,0.1,793.48,1746.99,1.0
17-10-27_23:35:06,194.0,0.0,4200.0,0.2,0.1,793.48,1746.99,1.0
17-10-27_23:35:06,194.0,0.0,4100.0,0.2,0.1,793.48,1746.99,1.0
17-10-27_23:35:06,194.0,0.0,4200.0,0.2,0.1,793.48,1746.99,1.0
17-10-27_23:35:06,194.0,0.0,4300.0,0.2,0.1,793.48,1746.99,1.0
17-10-27_23:35:06,194.0,0.0,4300.0,0.2,0.1,793.48,1746.99,1.0
17-10-27_23:35:06,194.0,0.0,2.6,0.2,0.1,793.48,1746.99,1.0
17-10-27_23:35:06,194.0,0.0,2.6,0.2,0.1,793.48,1746.99,1.0
17-10-27_23:35:06,194.0,0.0,2.6,0.2,0.1,793.48,1746.99,1.0
17-10-27_23:35:06,194.0,0.0,4.0,0.2,0.1,793.48,1746.99,1.0
17-10-27_23:35:06,194.0,0.0,4000.0,0.2,0.1,793.48,1746.99,1.0
17-10-27_23:35:06,194.0,0.0,1355.9,0.2,0.1,793.48,1746.99,1.0
17-10-27_23:35:06,194.0,0.0,3000.0,0.2,0.1,793.48,1746.99,1.0
17-10-27_23:35:06,194.0,0.0,4000.0,0.2,0.1,793.48,1746.99,1.0
17-10-27_23:35:06,194.0,0.0,4000.0,0.2,0.1,793.48,1746.99,1.0
17-10-27_23:35:06,194.0,0.0,4000.0,0.2,0.1,793.48,1746.99,1.0
17-10-27_23:35:06,194.0,0.0,4000.0,0.2,0.1,793.48,1746.99,1.0
17-10-27_23:35:06,194.0,0.0,4000.0,0.2,0.1,793.48,1746.99,1.0
17-10-27_23:35:06,194.0,0.0,4000.0,0.2,0.1,793.48,1746.99,1.0
17-10-27_23:35:06,194.0,0.0,4000.0,0.2,0.1,793.48,1746.99,1.0
17-10-27_23:35:06,194.0,0.0,4000.0,0.2,0.1,793.48,1746.99,1.0
17-10-27_23:35:06,194.0,0.0,909.1,0.2,0.1,793.48,1746.99,1.0
17-10-27_23:35:06,194.0,0.0,164.4,0.2,0.1,793.48,1746.99,1.0
17-10-27_23:35:06,194.0,0.0,3.3,0.2,0.1,793.48,1746.99,1.0
17-10-27_23:35:06,194.0,0.0,3.3,0.2,0.1,793.48,1746.99,1.0
17-10-27_23:35:06,194.0,0.0,3.3,0.2,0.1,793.48,1746.99,1.0
17-10-27_23:35:06,194.0,0.0,3000.0,0.2,0.1,793.48,1746.99,1.0
17-10-27_23:35:06,194.0,0.0,3000.0,0.2,0.1,793.48,1746.99,1.0
17-10-27_23:35:06,194.0,0.0,3.4,0.2,0.1,793.48,1746.99,1.0
17-10-27_23:35:06,194.0,0.0,3.4,0.2,0.1,793.48,1746.99,1.0
17-10-27_23:35:06,194.0,0.0,100400.0,0.2,0.1,793.48,1746.99,1.0
17-10-27_23:35:06,194.0,0.0,909.1,0.2,0.1,793.48,1746.99,1.0
17-10-27_23:35:06,194.0,0.0,4000.0,0.2,0.1,793.48,1746.99,1.0
17-10-27_23:35:06,194.0,0.0,4000.0,0.2,0.1,793.48,1746.99,1.0
17-10-27_23:35:06,194.0,0.0,4000.0,0.2,0.1,793.48,1746.99,1.0
17-10-27_23:35:06,194.0,0.0,4000.0,0.2,0.1,793.48,1746.99,1.0
17-10-27_23:35:06,194.0,0.0,4000.0,0.2,0.1,793.48,1746.99,1.0
17-10-27_23:35:06,194.0,0.0,4000.0,0.2,0.1,793.48,1746.99,1.0
17-10-27_23:35:06,194.0,0.0,4000.0,0.2,0.1,793.48,1746.99,1.0
17-10-27_23:35:06,194.0,0.0,4000.0,0.2,0.1,793.48,1746.99,1.0
17-10-27_23:35:06,194.0,0.0,164.4,0.2,0.1,793.48,1746.99,1.0
17-10-27_23:35:06,194.0,0.0,4000.0,0.2,0.1,793.48,1746.99,1.0
17-10-27_23:35:06,194.0,0.0,1355.9,0.2,0.1,793.48,1746.99,1.0
17-10-27_23:35:06,194.0,0.0,4.0,0.2,0.1,793.48,1746.99,1.0
17-10-27_23:35:06,194.0,0.0,2.4,0.2,0.1,793.48,1746.99,1.0
17-10-27_23:35:06,194.0,0.0,2.4,0.2,0.1,793.48,1746.99,1.0
17-10-27_23:35:06,194.0,0.0,70200.0,0.2,0.1,793.48,1746.99,1.0
17-10-27_23:35:06,194.0,0.0,3.3,0.2,0.1,793.48,1746.99,1.0
17-10-27_23:35:06,194.0,0.0,3.3,0.2,0.1,793.48,1746.99,1.0
17-10-27_23:35:06,194.0,0.0,3.3,0.2,0.1,793.48,1746.99,1.0
17-10-27_23:35:06,194.0,0.0,3.4,0.2,0.1,793.48,1746.99,1.0
17-10-27_23:35:06,194.0,0.0,3.4,0.2,0.1,793.48,1746.99,1.0
17-10-27_23:35:06,194.0,0.0,70200.0,0.2,0.1,793.48,1746.99,1.0
17-10-27_23:35:06,194.0,0.0,4000.0,0.2,0.1,793.48,1746.99,1.0
17-10-27_23:35:06,194.0,0.0,4000.0,0.2,0.1,793.48,1746.99,1.0
17-10-27_23:35:06,194.0,0.0,4000.0,0.2,0.1,793.48,1746.99,1.0
17-10-27_23:35:06,194.0,0.0,164.4,0.2,0.1,793.48,1746.99,1.0
17-10-27_23:35:06,194.0,0.0,4000.0,0.2,0.1,793.48,1746.99,1.0
17-10-27_23:35:06,194.0,0.0,4000.0,0.2,0.1,793.48,1746.99,1.0
17-10-27_23:35:06,194.0,0.0,164.4,0.2,0.1,793.48,1746.99,1.0
17-10-27_23:35:06,194.0,0.0,4000.0,0.2,0.1,793.48,1746.99,1.0
17-10-27_23:35:06,194.0,0.0,4000.0,0.2,0.1,793.48,1746.99,1.0
17-10-27_23:35:06,194.0,0.0,4000.0,0.2,0.1,793.48,1746.99,1.0
17-10-27_23:35:06,194.0,0.0,4000.0,0.2,0.1,793.48,1746.99,1.0
17-10-27_23:35:06,194.0,0.0,909.1,0.2,0.1,793.48,1746.99,1.0
17-10-27_23:35:06,194.0,0.0,4000.0,0.2,0.1,793.48,1746.99,1.0
17-10-27_23:35:06,194.0,0.0,4000.0,0.2,0.1,793.48,1746.99,1.0
17-10-27_23:35:06,194.0,0.0,4000.0,0.2,0.1,793.48,1746.99,1.0
17-10-27_23:35:06,194.0,0.0,4000.0,0.2,0.1,793.48,1746.99,1.0
17-10-27_23:35:06,194.0,0.0,4000.0,0.2,0.1,793.48,1746.99,1.0
17-10-27_23:35:06,194.0,0.0,4000.0,0.2,0.1,793.48,1746.99,1.0
17-10-27_23:35:06,194.0,0.0,4000.0,0.2,0.1,793.48,1746.99,1.0
17-10-27_23:35:06,194.0,0.0,909.1,0.2,0.1,793.48,1746.99,1.0
17-10-27_23:35:06,194.0,0.0,4.0,0.2,0.1,793.48,1746.99,1.0
17-10-27_23:35:06,194.0,0.0,4000.0,0.2,0.1,793.48,1746.99,1.0
17-10-27_23:35:06,194.0,0.0,1355.9,0.2,0.1,793.48,1746.99,1.0
17-10-27_23:35:06,194.0,0.0,3000.0,0.2,0.1,793.48,1746.99,1.0
17-10-27_23:35:06,194.0,0.0,4.0,0.2,0.1,793.48,1746.99,1.0
17-10-27_23:35:06,194.0,0.0,4000.0,0.2,0.1,793.48,1746.99,1.0
17-10-27_23:35:06,194.0,0.0,3000.0,0.2,0.1,793.48,1746.99,1.0
17-10-27_23:35:06,194.0,0.0,1355.9,0.2,0.1,793.48,1746.99,1.0
17-10-27_23:35:06,194.0,0.0,3000.0,0.2,0.1,793.48,1746.99,1.0
17-10-27_23:35:06,194.0,0.0,25.0,0.2,0.1,793.48,1746.99,1.0
17-10-27_23:35:06,194.0,0.0,25.0,0.2,0.1,793.48,1746.99,1.0
17-10-27_23:35:06,194.0,0.0,2.4,0.2,0.1,793.48,1746.99,1.0
17-10-27_23:35:06,194.0,0.0,2.4,0.2,0.1,793.48,1746.99,1.0
17-10-27_23:35:06,194.0,0.0,25.0,0.2,0.1,793.48,1746.99,1.0
17-10-27_23:35:06,194.0,0.0,25.0,0.2,0.1,793.48,1746.99,1.0
17-10-27_23:35:06,194.0,0.0,2.9,0.2,0.1,793.48,1746.99,1.0
17-10-27_23:35:06,194.0,0.0,2.9,0.2,0.1,793.48,1746.99,1.0
17-10-27_23:35:06,194.0,0.0,2.9,0.2,0.1,793.48,1746.99,1.0
17-10-27_23:35:06,194.0,0.0,28.2,0.2,0.1,793.48,1746.99,1.0
17-10-27_23:35:06,194.0,0.0,28.2,0.2,0.1,793.48,1746.99,1.0
17-10-27_23:39:31,22.0,238.5,0.0,0.1,0.1,761.24,2284.01,1.0
17-10-27_23:39:31,22.0,23.1,0.0,0.1,0.1,761.24,2284.01,1.0
17-10-27_23:39:32,22.0,4.9,0.0,0.1,0.1,761.24,2284.01,1.0
17-10-27_23:39:32,22.0,4.9,0.0,0.1,0.1,761.24,2284.01,1.0
17-10-27_23:39:32,22.0,4.9,0.0,0.1,0.1,761.24,2284.01,1.0
17-10-27_23:39:32,22.0,4.9,0.0,0.1,0.1,761.24,2284.01,1.0
17-10-27_23:39:32,22.0,4.9,0.0,0.1,0.1,761.24,2284.01,1.0
17-10-27_23:39:32,22.0,4.9,0.0,0.1,0.1,761.24,2284.01,1.0
17-10-27_23:39:32,22.0,4.9,0.0,0.1,0.1,761.24,2284.01,1.0
17-10-27_23:39:32,22.0,4.9,0.0,0.1,0.1,761.24,2284.01,1.0
17-10-27_23:39:32,22.0,4.9,0.0,0.1,0.1,761.24,2284.01,1.0
17-10-27_23:39:32,22.0,4.9,0.0,0.1,0.1,761.24,2284.01,1.0
17-10-27_23:39:32,22.0,4.9,0.0,0.1,0.1,761.24,2284.01,1.0
17-10-27_23:39:32,22.0,4.9,0.0,0.1,0.1,761.24,2284.01,1.0
17-10-27_23:39:32,22.0,4.9,0.0,0.1,0.1,761.24,2284.01,1.0
17-10-27_23:39:32,22.0,4.9,0.0,0.1,0.1,761.24,2284.01,1.0
17-10-27_23:39:32,22.0,4.9,0.0,0.1,0.1,761.24,2284.01,1.0
17-10-27_23:39:32,22.0,4.9,0.0,0.1,0.1,761.24,2284.01,1.0
17-10-27_23:39:32,22.0,2.8,0.0,0.1,0.1,761.24,2284.01,1.0
17-10-27_23:39:32,22.0,2.8,0.0,0.1,0.1,761.24,2284.01,1.0
17-10-27_23:39:32,22.0,2.8,0.0,0.1,0.1,761.24,2284.01,1.0
17-10-27_23:39:32,22.0,2.8,0.0,0.1,0.1,761.24,2284.01,1.0
17-10-27_23:39:32,22.0,2.8,0.0,0.1,0.1,761.24,2284.01,1.0
17-10-27_23:39:32,22.0,2.8,0.0,0.1,0.1,761.24,2284.01,1.0
17-10-27_23:39:32,22.0,2.8,0.0,0.1,0.1,761.24,2284.01,1.0
17-10-27_23:39:32,22.0,2.8,0.0,0.1,0.1,761.24,2284.01,1.0
17-10-27_23:39:32,22.0,2.8,0.0,0.1,0.1,761.24,2284.01,1.0
17-10-27_23:39:32,22.0,2.8,0.0,0.1,0.1,761.24,2284.01,1.0
17-10-27_23:39:32,22.0,2.8,0.0,0.1,0.1,761.24,2284.01,1.0
17-10-27_23:39:32,22.0,2.8,0.0,0.1,0.1,761.24,2284.01,1.0
17-10-27_23:39:32,22.0,2.8,0.0,0.1,0.1,761.24,2284.01,1.0
17-10-27_23:39:32,22.0,2.8,0.0,0.1,0.1,761.24,2284.01,1.0
17-10-27_23:39:32,22.0,2.8,0.0,0.1,0.1,761.24,2284.01,1.0
17-10-27_23:39:32,22.0,2.8,0.0,0.1,0.1,761.24,2284.01,1.0
17-10-27_23:39:41,22.0,4.8,0.0,45.7,2.7,761.24,2284.01,1.0
17-10-27_23:39:41,22.0,2.6,0.0,45.7,2.7,761.24,2284.01,1.0
17-10-27_23:39:44,22.0,3.9,0.0,45.7,2.7,761.24,2284.01,1.0
17-10-27_23:39:44,22.0,3.9,0.0,45.7,2.7,761.24,2284.01,1.0
17-10-27_23:39:44,22.0,3.9,0.0,45.7,2.7,761.24,2284.01,1.0
17-10-27_23:39:44,22.0,3.9,0.0,45.7,2.7,761.24,2284.01,1.0
17-10-27_23:39:44,22.0,3.9,0.0,45.7,2.7,761.24,2284.01,1.0
17-10-27_23:39:44,22.0,3.9,0.0,45.7,2.7,761.24,2284.01,1.0
17-10-27_23:39:44,22.0,3.9,0.0,45.7,2.7,761.24,2284.01,1.0
17-10-27_23:39:44,22.0,3.9,0.0,45.7,2.7,761.24,2284.01,1.0
17-10-27_23:39:44,22.0,3.9,0.0,45.7,2.7,761.24,2284.01,1.0
17-10-27_23:39:44,22.0,3.9,0.0,45.7,2.7,761.24,2284.01,1.0
17-10-27_23:39:44,22.0,3.9,0.0,45.7,2.7,761.24,2284.01,1.0
17-10-27_23:39:44,22.0,3.9,0.0,45.7,2.7,761.24,2284.01,1.0
17-10-27_23:39:44,22.0,3.9,0.0,45.7,2.7,761.24,2284.01,1.0
17-10-27_23:39:44,22.0,3.9,0.0,45.7,2.7,761.24,2284.01,1.0
17-10-27_23:39:44,22.0,3.9,0.0,45.7,2.7,761.24,2284.01,1.0
17-10-27_23:39:44,22.0,3.9,0.0,45.7,2.7,761.24,2284.01,1.0
17-10-27_23:39:44,22.0,4.0,0.0,45.7,2.7,761.24,2284.01,1.0
17-10-27_23:39:44,22.0,4.0,0.0,45.7,2.7,761.24,2284.01,1.0
17-10-27_23:39:44,22.0,4.0,0.0,45.7,2.7,761.24,2284.01,1.0
17-10-27_23:39:44,22.0,4.0,0.0,45.7,2.7,761.24,2284.01,1.0
17-10-27_23:39:44,22.0,4.0,0.0,45.7,2.7,761.24,2284.01,1.0
17-10-27_23:39:44,22.0,4.0,0.0,45.7,2.7,761.24,2284.01,1.0
17-10-27_23:39:44,22.0,4.0,0.0,45.7,2.7,761.24,2284.01,1.0
17-10-27_23:39:44,22.0,4.0,0.0,45.7,2.7,761.24,2284.01,1.0
17-10-27_23:39:44,22.0,4.0,0.0,45.7,2.7,761.24,2284.01,1.0
17-10-27_23:39:44,22.0,4.0,0.0,45.7,2.7,761.24,2284.01,1.0
17-10-27_23:39:44,22.0,4.0,0.0,45.7,2.7,761.24,2284.01,1.0
17-10-27_23:39:44,22.0,4.0,0.0,45.7,2.7,761.24,2284.01,1.0
17-10-27_23:39:44,22.0,4.0,0.0,45.7,2.7,761.24,2284.01,1.0
17-10-27_23:39:44,22.0,4.0,0.0,45.7,2.7,761.24,2284.01,1.0
17-10-27_23:39:44,22.0,4.0,0.0,45.7,2.7,761.24,2284.01,1.0
17-10-27_23:39:44,22.0,4.0,0.0,45.7,2.7,761.24,2284.01,1.0
17-10-27_23:39:44,22.0,38000.0,0.0,45.7,2.7,761.24,2284.01,1.0
17-10-27_23:39:44,22.0,38000.0,0.0,45.7,2.7,761.24,2284.01,1.0
17-10-27_23:39:44,22.0,38000.0,0.0,45.7,2.7,761.24,2284.01,1.0
17-10-27_23:39:44,22.0,38000.0,0.0,45.7,2.7,761.24,2284.01,1.0
17-10-27_23:39:44,22.0,38000.0,0.0,45.7,2.7,761.24,2284.01,1.0
17-10-27_23:39:44,22.0,38000.0,0.0,45.7,2.7,761.24,2284.01,1.0
17-10-27_23:39:44,22.0,38000.0,0.0,45.7,2.7,761.24,2284.01,1.0
17-10-27_23:39:44,22.0,38000.0,0.0,45.7,2.7,761.24,2284.01,1.0
17-10-27_23:39:44,22.0,38000.0,0.0,45.7,2.7,761.24,2284.01,1.0
17-10-27_23:39:44,22.0,38000.0,0.0,45.7,2.7,761.24,2284.01,1.0
17-10-27_23:39:44,22.0,38000.0,0.0,45.7,2.7,761.24,2284.01,1.0
17-10-27_23:39:44,22.0,38000.0,0.0,45.7,2.7,761.24,2284.01,1.0
17-10-27_23:39:44,22.0,38000.0,0.0,45.7,2.7,761.24,2284.01,1.0
17-10-27_23:39:44,22.0,38000.0,0.0,45.7,2.7,761.24,2284.01,1.0
17-10-27_23:39:44,22.0,38000.0,0.0,45.7,2.7,761.24,2284.01,1.0
17-10-27_23:39:44,22.0,38000.0,0.0,45.7,2.7,761.24,2284.01,1.0
17-10-27_23:39:45,22.0,4000.0,0.0,45.7,2.7,761.24,2284.01,1.0
17-10-27_23:39:45,22.0,1355.9,0.0,45.7,2.7,761.24,2284.01,1.0
17-10-27_23:39:45,22.0,9500.0,0.0,45.7,2.7,761.24,2284.01,1.0
17-10-27_23:39:45,22.0,3000.0,0.0,45.7,2.7,761.24,2284.01,1.0
17-10-27_23:39:45,22.0,32900.0,0.0,45.7,2.7,761.24,2284.01,1.0
17-10-27_23:39:45,22.0,4000.0,0.0,45.7,2.7,761.24,2284.01,1.0
17-10-27_23:39:45,22.0,4000.0,0.0,45.7,2.7,761.24,2284.01,1.0
17-10-27_23:39:45,22.0,4000.0,0.0,45.7,2.7,761.24,2284.01,1.0
17-10-27_23:39:45,22.0,4000.0,0.0,45.7,2.7,761.24,2284.01,1.0
17-10-27_23:39:45,22.0,4000.0,0.0,45.7,2.7,761.24,2284.01,1.0
17-10-27_23:39:45,22.0,4000.0,0.0,45.7,2.7,761.24,2284.01,1.0
17-10-27_23:39:45,22.0,4000.0,0.0,45.7,2.7,761.24,2284.01,1.0
17-10-27_23:39:45,22.0,4000.0,0.0,45.7,2.7,761.24,2284.01,1.0
17-10-27_23:39:45,22.0,909.1,0.0,45.7,2.7,761.24,2284.01,1.0
17-10-27_23:39:45,22.0,32900.0,0.0,45.7,2.7,761.24,2284.01,1.0
17-10-27_23:39:45,22.0,164.4,0.0,45.7,2.7,761.24,2284.01,1.0
17-10-27_23:39:45,22.0,6.0,0.0,45.7,2.7,761.24,2284.01,1.0
17-10-27_23:39:45,22.0,3.3,0.0,45.7,2.7,761.24,2284.01,1.0
17-10-27_23:39:49,22.0,6.3,0.0,66.7,2.1,16846134.0,1474469.75,1.0
17-10-27_23:39:49,22.0,3.4,0.0,66.7,2.1,16846134.0,1474469.75,1.0
17-10-27_23:39:49,22.0,0.0,23.1,66.7,2.1,16846134.0,1474469.75,1.0
17-10-27_23:39:49,22.0,0.0,2.8,66.7,2.1,16846134.0,1474469.75,1.0
17-10-27_23:39:49,22.0,0.0,2.8,66.7,2.1,16846134.0,1474469.75,1.0
17-10-27_23:39:49,22.0,0.0,23.1,66.7,2.1,16846134.0,1474469.75,1.0
17-10-27_23:39:49,22.0,0.0,2.8,66.7,2.1,16846134.0,1474469.75,1.0
17-10-27_23:39:49,22.0,0.0,23.1,66.7,2.1,16846134.0,1474469.75,1.0
17-10-27_23:39:49,22.0,0.0,2.6,66.7,2.1,16846134.0,1474469.75,1.0
17-10-27_23:39:49,22.0,0.0,2.6,66.7,2.1,16846134.0,1474469.75,1.0
17-10-27_23:39:49,22.0,0.0,2.6,66.7,2.1,16846134.0,1474469.75,1.0
17-10-27_23:39:49,22.0,0.0,4200.0,66.7,2.1,16846134.0,1474469.75,1.0
17-10-27_23:39:49,22.0,0.0,4200.0,66.7,2.1,16846134.0,1474469.75,1.0
17-10-27_23:39:49,22.0,0.0,4200.0,66.7,2.1,16846134.0,1474469.75,1.0
17-10-27_23:39:49,22.0,0.0,4200.0,66.7,2.1,16846134.0,1474469.75,1.0
17-10-27_23:39:49,22.0,0.0,2.8,66.7,2.1,16846134.0,1474469.75,1.0
17-10-27_23:39:49,22.0,0.0,2.8,66.7,2.1,16846134.0,1474469.75,1.0
17-10-27_23:39:49,22.0,0.0,2.8,66.7,2.1,16846134.0,1474469.75,1.0
17-10-27_23:39:49,22.0,0.0,4200.0,66.7,2.1,16846134.0,1474469.75,1.0
17-10-27_23:39:49,22.0,0.0,4200.0,66.7,2.1,16846134.0,1474469.75,1.0
17-10-27_23:39:49,22.0,0.0,4200.0,66.7,2.1,16846134.0,1474469.75,1.0
17-10-27_23:39:49,22.0,0.0,4200.0,66.7,2.1,16846134.0,1474469.75,1.0
17-10-27_23:39:49,22.0,0.0,4300.0,66.7,2.1,16846134.0,1474469.75,1.0
17-10-27_23:39:49,22.0,0.0,4100.0,66.7,2.1,16846134.0,1474469.75,1.0
17-10-27_23:39:49,22.0,0.0,4200.0,66.7,2.1,16846134.0,1474469.75,1.0
17-10-27_23:39:49,22.0,0.0,4300.0,66.7,2.1,16846134.0,1474469.75,1.0
17-10-27_23:39:49,22.0,0.0,4300.0,66.7,2.1,16846134.0,1474469.75,1.0
17-10-27_23:39:49,22.0,0.0,4200.0,66.7,2.1,16846134.0,1474469.75,1.0
17-10-27_23:39:49,22.0,0.0,4100.0,66.7,2.1,16846134.0,1474469.75,1.0
17-10-27_23:39:49,22.0,0.0,4300.0,66.7,2.1,16846134.0,1474469.75,1.0
17-10-27_23:39:49,22.0,0.0,4.0,66.7,2.1,16846134.0,1474469.75,1.0
17-10-27_23:39:49,22.0,0.0,2.6,66.7,2.1,16846134.0,1474469.75,1.0
17-10-27_23:39:49,22.0,0.0,2.6,66.7,2.1,16846134.0,1474469.75,1.0
17-10-27_23:39:49,22.0,0.0,2.6,66.7,2.1,16846134.0,1474469.75,1.0
17-10-27_23:39:49,22.0,0.0,4000.0,66.7,2.1,16846134.0,1474469.75,1.0
17-10-27_23:39:49,22.0,0.0,1355.9,66.7,2.1,16846134.0,1474469.75,1.0
17-10-27_23:39:49,22.0,0.0,3000.0,66.7,2.1,16846134.0,1474469.75,1.0
17-10-27_23:39:49,22.0,0.0,4000.0,66.7,2.1,16846134.0,1474469.75,1.0
17-10-27_23:39:49,22.0,0.0,4000.0,66.7,2.1,16846134.0,1474469.75,1.0
17-10-27_23:39:49,22.0,0.0,4000.0,66.7,2.1,16846134.0,1474469.75,1.0
17-10-27_23:39:49,22.0,0.0,4000.0,66.7,2.1,16846134.0,1474469.75,1.0
17-10-27_23:39:49,22.0,0.0,4000.0,66.7,2.1,16846134.0,1474469.75,1.0
17-10-27_23:39:49,22.0,0.0,4000.0,66.7,2.1,16846134.0,1474469.75,1.0
17-10-27_23:39:49,22.0,0.0,4000.0,66.7,2.1,16846134.0,1474469.75,1.0
17-10-27_23:39:49,22.0,0.0,4000.0,66.7,2.1,16846134.0,1474469.75,1.0
17-10-27_23:39:49,22.0,0.0,909.1,66.7,2.1,16846134.0,1474469.75,1.0
17-10-27_23:39:49,22.0,0.0,164.4,66.7,2.1,16846134.0,1474469.75,1.0
17-10-27_23:39:49,22.0,0.0,3.3,66.7,2.1,16846134.0,1474469.75,1.0
17-10-27_23:39:49,22.0,0.0,3.3,66.7,2.1,16846134.0,1474469.75,1.0
17-10-27_23:39:49,22.0,0.0,3.3,66.7,2.1,16846134.0,1474469.75,1.0
17-10-27_23:39:49,22.0,0.0,3000.0,66.7,2.1,16846134.0,1474469.75,1.0
17-10-27_23:39:49,22.0,0.0,3000.0,66.7,2.1,16846134.0,1474469.75,1.0
17-10-27_23:39:49,22.0,0.0,3.4,66.7,2.1,16846134.0,1474469.75,1.0
17-10-27_23:39:49,22.0,0.0,3.4,66.7,2.1,16846134.0,1474469.75,1.0
17-10-27_23:39:49,22.0,0.0,95600.0,66.7,2.1,16846134.0,1474469.75,1.0
17-10-27_23:39:49,22.0,0.0,4000.0,66.7,2.1,16846134.0,1474469.75,1.0
17-10-27_23:39:49,22.0,0.0,909.1,66.7,2.1,16846134.0,1474469.75,1.0
17-10-27_23:39:49,22.0,0.0,4000.0,66.7,2.1,16846134.0,1474469.75,1.0
17-10-27_23:39:49,22.0,0.0,4000.0,66.7,2.1,16846134.0,1474469.75,1.0
17-10-27_23:39:49,22.0,0.0,4000.0,66.7,2.1,16846134.0,1474469.75,1.0
17-10-27_23:39:49,22.0,0.0,4000.0,66.7,2.1,16846134.0,1474469.75,1.0
17-10-27_23:39:49,22.0,0.0,4000.0,66.7,2.1,16846134.0,1474469.75,1.0
17-10-27_23:39:49,22.0,0.0,4000.0,66.7,2.1,16846134.0,1474469.75,1.0
17-10-27_23:39:49,22.0,0.0,4000.0,66.7,2.1,16846134.0,1474469.75,1.0
17-10-27_23:39:49,22.0,0.0,164.4,66.7,2.1,16846134.0,1474469.75,1.0
17-10-27_23:39:49,22.0,0.0,4000.0,66.7,2.1,16846134.0,1474469.75,1.0
17-10-27_23:39:49,22.0,0.0,1355.9,66.7,2.1,16846134.0,1474469.75,1.0
17-10-27_23:39:49,22.0,0.0,4.0,66.7,2.1,16846134.0,1474469.75,1.0
17-10-27_23:42:51,193.0,238.5,0.0,0.0,0.1,4019.66,1843314.38,1.0
17-10-27_23:42:51,193.0,23.1,0.0,0.0,0.1,4019.66,1843314.38,1.0
17-10-27_23:42:51,193.0,4.9,0.0,0.0,0.1,4019.66,1843314.38,1.0
17-10-27_23:42:51,193.0,2.8,0.0,0.0,0.1,4019.66,1843314.38,1.0
17-10-27_23:43:00,193.0,4.8,0.0,51.5,2.6,4019.66,1843314.38,1.0
17-10-27_23:43:00,193.0,4.8,0.0,51.5,2.6,4019.66,1843314.38,1.0
17-10-27_23:43:00,193.0,4.8,0.0,51.5,2.6,4019.66,1843314.38,1.0
17-10-27_23:43:00,193.0,4.8,0.0,51.5,2.6,4019.66,1843314.38,1.0
17-10-27_23:43:00,193.0,4.8,0.0,51.5,2.6,4019.66,1843314.38,1.0
17-10-27_23:43:00,193.0,4.8,0.0,51.5,2.6,4019.66,1843314.38,1.0
17-10-27_23:43:00,193.0,4.8,0.0,51.5,2.6,4019.66,1843314.38,1.0
17-10-27_23:43:00,193.0,4.8,0.0,51.5,2.6,4019.66,1843314.38,1.0
17-10-27_23:43:00,193.0,4.8,0.0,51.5,2.6,4019.66,1843314.38,1.0
17-10-27_23:43:00,193.0,4.8,0.0,51.5,2.6,4019.66,1843314.38,1.0
17-10-27_23:43:00,193.0,4.8,0.0,51.5,2.6,4019.66,1843314.38,1.0
17-10-27_23:43:00,193.0,4.8,0.0,51.5,2.6,4019.66,1843314.38,1.0
17-10-27_23:43:00,193.0,4.8,0.0,51.5,2.6,4019.66,1843314.38,1.0
17-10-27_23:43:00,193.0,4.8,0.0,51.5,2.6,4019.66,1843314.38,1.0
17-10-27_23:43:00,193.0,4.8,0.0,51.5,2.6,4019.66,1843314.38,1.0
17-10-27_23:43:00,193.0,4.8,0.0,51.5,2.6,4019.66,1843314.38,1.0
17-10-27_23:43:00,193.0,2.6,0.0,51.5,2.6,4019.66,1843314.38,1.0
17-10-27_23:43:00,193.0,2.6,0.0,51.5,2.6,4019.66,1843314.38,1.0
17-10-27_23:43:00,193.0,2.6,0.0,51.5,2.6,4019.66,1843314.38,1.0
17-10-27_23:43:00,193.0,2.6,0.0,51.5,2.6,4019.66,1843314.38,1.0
17-10-27_23:43:00,193.0,2.6,0.0,51.5,2.6,4019.66,1843314.38,1.0
17-10-27_23:43:00,193.0,2.6,0.0,51.5,2.6,4019.66,1843314.38,1.0
17-10-27_23:43:00,193.0,2.6,0.0,51.5,2.6,4019.66,1843314.38,1.0
17-10-27_23:43:00,193.0,2.6,0.0,51.5,2.6,4019.66,1843314.38,1.0
17-10-27_23:43:00,193.0,2.6,0.0,51.5,2.6,4019.66,1843314.38,1.0
17-10-27_23:43:00,193.0,2.6,0.0,51.5,2.6,4019.66,1843314.38,1.0
17-10-27_23:43:00,193.0,2.6,0.0,51.5,2.6,4019.66,1843314.38,1.0
17-10-27_23:43:00,193.0,2.6,0.0,51.5,2.6,4019.66,1843314.38,1.0
17-10-27_23:43:00,193.0,2.6,0.0,51.5,2.6,4019.66,1843314.38,1.0
17-10-27_23:43:00,193.0,2.6,0.0,51.5,2.6,4019.66,1843314.38,1.0
17-10-27_23:43:00,193.0,2.6,0.0,51.5,2.6,4019.66,1843314.38,1.0
17-10-27_23:43:00,193.0,2.6,0.0,51.5,2.6,4019.66,1843314.38,1.0
17-10-27_23:43:03,193.0,3.9,0.0,51.5,2.6,4019.66,1843314.38,1.0
17-10-27_23:43:03,193.0,4.0,0.0,51.5,2.6,4019.66,1843314.38,1.0
17-10-27_23:43:03,193.0,38000.0,0.0,51.5,2.6,4019.66,1843314.38,1.0
17-10-27_23:43:04,193.0,4000.0,0.0,51.5,2.6,4019.66,1843314.38,1.0
17-10-27_23:43:04,193.0,4000.0,0.0,51.5,2.6,4019.66,1843314.38,1.0
17-10-27_23:43:04,193.0,4000.0,0.0,51.5,2.6,4019.66,1843314.38,1.0
17-10-27_23:43:04,193.0,4000.0,0.0,51.5,2.6,4019.66,1843314.38,1.0
17-10-27_23:43:04,193.0,4000.0,0.0,51.5,2.6,4019.66,1843314.38,1.0
17-10-27_23:43:04,193.0,4000.0,0.0,51.5,2.6,4019.66,1843314.38,1.0
17-10-27_23:43:04,193.0,4000.0,0.0,51.5,2.6,4019.66,1843314.38,1.0
17-10-27_23:43:04,193.0,4000.0,0.0,51.5,2.6,4019.66,1843314.38,1.0
17-10-27_23:43:04,193.0,4000.0,0.0,51.5,2.6,4019.66,1843314.38,1.0
17-10-27_23:43:04,193.0,4000.0,0.0,51.5,2.6,4019.66,1843314.38,1.0
17-10-27_23:43:04,193.0,4000.0,0.0,51.5,2.6,4019.66,1843314.38,1.0
17-10-27_23:43:04,193.0,4000.0,0.0,51.5,2.6,4019.66,1843314.38,1.0
17-10-27_23:43:04,193.0,4000.0,0.0,51.5,2.6,4019.66,1843314.38,1.0
17-10-27_23:43:04,193.0,4000.0,0.0,51.5,2.6,4019.66,1843314.38,1.0
17-10-27_23:43:04,193.0,4000.0,0.0,51.5,2.6,4019.66,1843314.38,1.0
17-10-27_23:43:04,193.0,4000.0,0.0,51.5,2.6,4019.66,1843314.38,1.0
17-10-27_23:43:04,193.0,1355.9,0.0,51.5,2.6,4019.66,1843314.38,1.0
17-10-27_23:43:04,193.0,1355.9,0.0,51.5,2.6,4019.66,1843314.38,1.0
17-10-27_23:43:04,193.0,1355.9,0.0,51.5,2.6,4019.66,1843314.38,1.0
17-10-27_23:43:04,193.0,1355.9,0.0,51.5,2.6,4019.66,1843314.38,1.0
17-10-27_23:43:04,193.0,1355.9,0.0,51.5,2.6,4019.66,1843314.38,1.0
17-10-27_23:43:04,193.0,1355.9,0.0,51.5,2.6,4019.66,1843314.38,1.0
17-10-27_23:43:04,193.0,1355.9,0.0,51.5,2.6,4019.66,1843314.38,1.0
17-10-27_23:43:04,193.0,1355.9,0.0,51.5,2.6,4019.66,1843314.38,1.0
17-10-27_23:43:04,193.0,1355.9,0.0,51.5,2.6,4019.66,1843314.38,1.0
17-10-27_23:43:04,193.0,1355.9,0.0,51.5,2.6,4019.66,1843314.38,1.0
17-10-27_23:43:04,193.0,1355.9,0.0,51.5,2.6,4019.66,1843314.38,1.0
17-10-27_23:43:04,193.0,1355.9,0.0,51.5,2.6,4019.66,1843314.38,1.0
17-10-27_23:43:04,193.0,1355.9,0.0,51.5,2.6,4019.66,1843314.38,1.0
17-10-27_23:43:04,193.0,1355.9,0.0,51.5,2.6,4019.66,1843314.38,1.0
17-10-27_23:43:04,193.0,1355.9,0.0,51.5,2.6,4019.66,1843314.38,1.0
17-10-27_23:43:04,193.0,1355.9,0.0,51.5,2.6,4019.66,1843314.38,1.0
17-10-27_23:43:04,193.0,9500.0,0.0,51.5,2.6,4019.66,1843314.38,1.0
17-10-27_23:43:04,193.0,9500.0,0.0,51.5,2.6,4019.66,1843314.38,1.0
17-10-27_23:43:04,193.0,9500.0,0.0,51.5,2.6,4019.66,1843314.38,1.0
17-10-27_23:43:04,193.0,9500.0,0.0,51.5,2.6,4019.66,1843314.38,1.0
17-10-27_23:43:04,193.0,9500.0,0.0,51.5,2.6,4019.66,1843314.38,1.0
17-10-27_23:43:04,193.0,9500.0,0.0,51.5,2.6,4019.66,1843314.38,1.0
17-10-27_23:43:04,193.0,9500.0,0.0,51.5,2.6,4019.66,1843314.38,1.0
17-10-27_23:43:04,193.0,9500.0,0.0,51.5,2.6,4019.66,1843314.38,1.0
17-10-27_23:43:04,193.0,9500.0,0.0,51.5,2.6,4019.66,1843314.38,1.0
17-10-27_23:43:04,193.0,9500.0,0.0,51.5,2.6,4019.66,1843314.38,1.0
17-10-27_23:43:04,193.0,9500.0,0.0,51.5,2.6,4019.66,1843314.38,1.0
17-10-27_23:43:04,193.0,9500.0,0.0,51.5,2.6,4019.66,1843314.38,1.0
17-10-27_23:43:04,193.0,9500.0,0.0,51.5,2.6,4019.66,1843314.38,1.0
17-10-27_23:43:04,193.0,9500.0,0.0,51.5,2.6,4019.66,1843314.38,1.0
17-10-27_23:43:04,193.0,9500.0,0.0,51.5,2.6,4019.66,1843314.38,1.0
17-10-27_23:43:04,193.0,9500.0,0.0,51.5,2.6,4019.66,1843314.38,1.0
17-10-27_23:43:04,193.0,3000.0,0.0,51.5,2.6,4019.66,1843314.38,1.0
17-10-27_23:43:04,193.0,3000.0,0.0,51.5,2.6,4019.66,1843314.38,1.0
17-10-27_23:43:04,193.0,3000.0,0.0,51.5,2.6,4019.66,1843314.38,1.0
17-10-27_23:43:04,193.0,3000.0,0.0,51.5,2.6,4019.66,1843314.38,1.0
17-10-27_23:43:04,193.0,3000.0,0.0,51.5,2.6,4019.66,1843314.38,1.0
17-10-27_23:43:04,193.0,3000.0,0.0,51.5,2.6,4019.66,1843314.38,1.0
17-10-27_23:43:04,193.0,3000.0,0.0,51.5,2.6,4019.66,1843314.38,1.0
17-10-27_23:43:04,193.0,3000.0,0.0,51.5,2.6,4019.66,1843314.38,1.0
17-10-27_23:43:04,193.0,3000.0,0.0,51.5,2.6,4019.66,1843314.38,1.0
17-10-27_23:43:04,193.0,3000.0,0.0,51.5,2.6,4019.66,1843314.38,1.0
17-10-27_23:43:04,193.0,3000.0,0.0,51.5,2.6,4019.66,1843314.38,1.0
17-10-27_23:43:04,193.0,3000.0,0.0,51.5,2.6,4019.66,1843314.38,1.0
17-10-27_23:43:04,193.0,3000.0,0.0,51.5,2.6,4019.66,1843314.38,1.0
17-10-27_23:43:04,193.0,3000.0,0.0,51.5,2.6,4019.66,1843314.38,1.0
17-10-27_23:43:04,193.0,3000.0,0.0,51.5,2.6,4019.66,1843314.38,1.0
17-10-27_23:43:04,193.0,3000.0,0.0,51.5,2.6,4019.66,1843314.38,1.0
17-10-27_23:43:04,193.0,32900.0,0.0,51.5,2.6,4019.66,1843314.38,1.0
17-10-27_23:43:04,193.0,32900.0,0.0,51.5,2.6,4019.66,1843314.38,1.0
17-10-27_23:43:04,193.0,32900.0,0.0,51.5,2.6,4019.66,1843314.38,1.0
17-10-27_23:43:04,193.0,32900.0,0.0,51.5,2.6,4019.66,1843314.38,1.0
17-10-27_23:43:04,193.0,32900.0,0.0,51.5,2.6,4019.66,1843314.38,1.0
17-10-27_23:43:04,193.0,32900.0,0.0,51.5,2.6,4019.66,1843314.38,1.0
17-10-27_23:43:04,193.0,32900.0,0.0,51.5,2.6,4019.66,1843314.38,1.0
17-10-27_23:43:04,193.0,32900.0,0.0,51.5,2.6,4019.66,1843314.38,1.0
17-10-27_23:43:04,193.0,32900.0,0.0,51.5,2.6,4019.66,1843314.38,1.0
17-10-27_23:43:04,193.0,32900.0,0.0,51.5,2.6,4019.66,1843314.38,1.0
17-10-27_23:43:04,193.0,32900.0,0.0,51.5,2.6,4019.66,1843314.38,1.0
17-10-27_23:43:04,193.0,32900.0,0.0,51.5,2.6,4019.66,1843314.38,1.0
17-10-27_23:43:04,193.0,32900.0,0.0,51.5,2.6,4019.66,1843314.38,1.0
17-10-27_23:43:04,193.0,32900.0,0.0,51.5,2.6,4019.66,1843314.38,1.0
17-10-27_23:43:04,193.0,32900.0,0.0,51.5,2.6,4019.66,1843314.38,1.0
17-10-27_23:43:04,193.0,32900.0,0.0,51.5,2.6,4019.66,1843314.38,1.0
17-10-27_23:43:04,193.0,4000.0,0.0,51.5,2.6,4019.66,1843314.38,1.0
17-10-27_23:43:04,193.0,4000.0,0.0,51.5,2.6,4019.66,1843314.38,1.0
17-10-27_23:43:04,193.0,4000.0,0.0,51.5,2.6,4019.66,1843314.38,1.0
17-10-27_23:43:04,193.0,4000.0,0.0,51.5,2.6,4019.66,1843314.38,1.0
17-10-27_23:43:04,193.0,4000.0,0.0,51.5,2.6,4019.66,1843314.38,1.0
17-10-27_23:43:04,193.0,4000.0,0.0,51.5,2.6,4019.66,1843314.38,1.0
17-10-27_23:43:04,193.0,4000.0,0.0,51.5,2.6,4019.66,1843314.38,1.0
17-10-27_23:43:04,193.0,4000.0,0.0,51.5,2.6,4019.66,1843314.38,1.0
17-10-27_23:43:04,193.0,4000.0,0.0,51.5,2.6,4019.66,1843314.38,1.0
17-10-27_23:43:04,193.0,4000.0,0.0,51.5,2.6,4019.66,1843314.38,1.0
17-10-27_23:43:04,193.0,4000.0,0.0,51.5,2.6,4019.66,1843314.38,1.0
17-10-27_23:43:04,193.0,4000.0,0.0,51.5,2.6,4019.66,1843314.38,1.0
17-10-27_23:43:04,193.0,4000.0,0.0,51.5,2.6,4019.66,1843314.38,1.0
17-10-27_23:43:04,193.0,4000.0,0.0,51.5,2.6,4019.66,1843314.38,1.0
17-10-27_23:43:04,193.0,4000.0,0.0,51.5,2.6,4019.66,1843314.38,1.0
17-10-27_23:43:04,193.0,4000.0,0.0,51.5,2.6,4019.66,1843314.38,1.0
17-10-27_23:43:04,193.0,4000.0,0.0,51.5,2.6,4019.66,1843314.38,1.0
17-10-27_23:43:04,193.0,4000.0,0.0,51.5,2.6,4019.66,1843314.38,1.0
17-10-27_23:43:04,193.0,4000.0,0.0,51.5,2.6,4019.66,1843314.38,1.0
17-10-27_23:43:04,193.0,4000.0,0.0,51.5,2.6,4019.66,1843314.38,1.0
17-10-27_23:43:04,193.0,4000.0,0.0,51.5,2.6,4019.66,1843314.38,1.0
17-10-27_23:43:04,193.0,4000.0,0.0,51.5,2.6,4019.66,1843314.38,1.0
17-10-27_23:43:04,193.0,4000.0,0.0,51.5,2.6,4019.66,1843314.38,1.0
17-10-27_23:43:04,193.0,4000.0,0.0,51.5,2.6,4019.66,1843314.38,1.0
17-10-27_23:43:04,193.0,4000.0,0.0,51.5,2.6,4019.66,1843314.38,1.0
17-10-27_23:43:04,193.0,4000.0,0.0,51.5,2.6,4019.66,1843314.38,1.0
17-10-27_23:43:04,193.0,4000.0,0.0,51.5,2.6,4019.66,1843314.38,1.0
17-10-27_23:43:04,193.0,4000.0,0.0,51.5,2.6,4019.66,1843314.38,1.0
17-10-27_23:43:04,193.0,4000.0,0.0,51.5,2.6,4019.66,1843314.38,1.0
17-10-27_23:43:04,193.0,4000.0,0.0,51.5,2.6,4019.66,1843314.38,1.0
17-10-27_23:43:04,193.0,4000.0,0.0,51.5,2.6,4019.66,1843314.38,1.0
17-10-27_23:43:04,193.0,4000.0,0.0,51.5,2.6,4019.66,1843314.38,1.0
17-10-27_23:43:04,193.0,4000.0,0.0,51.5,2.6,4019.66,1843314.38,1.0
17-10-27_23:43:04,193.0,4000.0,0.0,51.5,2.6,4019.66,1843314.38,1.0
17-10-27_23:43:04,193.0,4000.0,0.0,51.5,2.6,4019.66,1843314.38,1.0
17-10-27_23:43:04,193.0,4000.0,0.0,51.5,2.6,4019.66,1843314.38,1.0
17-10-27_23:43:04,193.0,4000.0,0.0,51.5,2.6,4019.66,1843314.38,1.0
17-10-27_23:43:04,193.0,4000.0,0.0,51.5,2.6,4019.66,1843314.38,1.0
17-10-27_23:43:04,193.0,4000.0,0.0,51.5,2.6,4019.66,1843314.38,1.0
17-10-27_23:43:04,193.0,4000.0,0.0,51.5,2.6,4019.66,1843314.38,1.0
17-10-27_23:43:04,193.0,4000.0,0.0,51.5,2.6,4019.66,1843314.38,1.0
17-10-27_23:43:04,193.0,4000.0,0.0,51.5,2.6,4019.66,1843314.38,1.0
17-10-27_23:43:04,193.0,4000.0,0.0,51.5,2.6,4019.66,1843314.38,1.0
17-10-27_23:43:04,193.0,4000.0,0.0,51.5,2.6,4019.66,1843314.38,1.0
17-10-27_23:43:04,193.0,4000.0,0.0,51.5,2.6,4019.66,1843314.38,1.0
17-10-27_23:43:04,193.0,4000.0,0.0,51.5,2.6,4019.66,1843314.38,1.0
17-10-27_23:43:04,193.0,4000.0,0.0,51.5,2.6,4019.66,1843314.38,1.0
17-10-27_23:43:04,193.0,4000.0,0.0,51.5,2.6,4019.66,1843314.38,1.0
17-10-27_23:43:04,193.0,4000.0,0.0,51.5,2.6,4019.66,1843314.38,1.0
17-10-27_23:43:04,193.0,4000.0,0.0,51.5,2.6,4019.66,1843314.38,1.0
17-10-27_23:43:04,193.0,4000.0,0.0,51.5,2.6,4019.66,1843314.38,1.0
17-10-27_23:43:04,193.0,4000.0,0.0,51.5,2.6,4019.66,1843314.38,1.0
17-10-27_23:43:04,193.0,4000.0,0.0,51.5,2.6,4019.66,1843314.38,1.0
17-10-27_23:43:04,193.0,4000.0,0.0,51.5,2.6,4019.66,1843314.38,1.0
17-10-27_23:43:04,193.0,4000.0,0.0,51.5,2.6,4019.66,1843314.38,1.0
17-10-27_23:43:04,193.0,4000.0,0.0,51.5,2.6,4019.66,1843314.38,1.0
17-10-27_23:43:04,193.0,4000.0,0.0,51.5,2.6,4019.66,1843314.38,1.0
17-10-27_23:43:04,193.0,4000.0,0.0,51.5,2.6,4019.66,1843314.38,1.0
17-10-27_23:43:04,193.0,4000.0,0.0,51.5,2.6,4019.66,1843314.38,1.0
17-10-27_23:43:04,193.0,4000.0,0.0,51.5,2.6,4019.66,1843314.38,1.0
17-10-27_23:43:04,193.0,4000.0,0.0,51.5,2.6,4019.66,1843314.38,1.0
17-10-27_23:43:04,193.0,4000.0,0.0,51.5,2.6,4019.66,1843314.38,1.0
17-10-27_23:43:04,193.0,4000.0,0.0,51.5,2.6,4019.66,1843314.38,1.0
17-10-27_23:43:04,193.0,4000.0,0.0,51.5,2.6,4019.66,1843314.38,1.0
17-10-27_23:43:04,193.0,4000.0,0.0,51.5,2.6,4019.66,1843314.38,1.0
17-10-27_23:43:04,193.0,4000.0,0.0,51.5,2.6,4019.66,1843314.38,1.0
17-10-27_23:43:04,193.0,4000.0,0.0,51.5,2.6,4019.66,1843314.38,1.0
17-10-27_23:43:04,193.0,4000.0,0.0,51.5,2.6,4019.66,1843314.38,1.0
17-10-27_23:43:04,193.0,4000.0,0.0,51.5,2.6,4019.66,1843314.38,1.0
17-10-27_23:43:04,193.0,4000.0,0.0,51.5,2.6,4019.66,1843314.38,1.0
17-10-27_23:43:04,193.0,4000.0,0.0,51.5,2.6,4019.66,1843314.38,1.0
17-10-27_23:43:04,193.0,4000.0,0.0,51.5,2.6,4019.66,1843314.38,1.0
17-10-27_23:43:04,193.0,4000.0,0.0,51.5,2.6,4019.66,1843314.38,1.0
17-10-27_23:43:04,193.0,4000.0,0.0,51.5,2.6,4019.66,1843314.38,1.0
17-10-27_23:43:04,193.0,4000.0,0.0,51.5,2.6,4019.66,1843314.38,1.0
17-10-27_23:43:04,193.0,4000.0,0.0,51.5,2.6,4019.66,1843314.38,1.0
17-10-27_23:43:04,193.0,4000.0,0.0,51.5,2.6,4019.66,1843314.38,1.0
17-10-27_23:43:04,193.0,4000.0,0.0,51.5,2.6,4019.66,1843314.38,1.0
17-10-27_23:43:04,193.0,4000.0,0.0,51.5,2.6,4019.66,1843314.38,1.0
17-10-27_23:43:04,193.0,4000.0,0.0,51.5,2.6,4019.66,1843314.38,1.0
17-10-27_23:43:04,193.0,4000.0,0.0,51.5,2.6,4019.66,1843314.38,1.0
17-10-27_23:43:04,193.0,4000.0,0.0,51.5,2.6,4019.66,1843314.38,1.0
17-10-27_23:43:04,193.0,4000.0,0.0,51.5,2.6,4019.66,1843314.38,1.0
17-10-27_23:43:04,193.0,4000.0,0.0,51.5,2.6,4019.66,1843314.38,1.0
17-10-27_23:43:04,193.0,4000.0,0.0,51.5,2.6,4019.66,1843314.38,1.0
17-10-27_23:43:04,193.0,4000.0,0.0,51.5,2.6,4019.66,1843314.38,1.0
17-10-27_23:43:04,193.0,4000.0,0.0,51.5,2.6,4019.66,1843314.38,1.0
17-10-27_23:43:04,193.0,4000.0,0.0,51.5,2.6,4019.66,1843314.38,1.0
17-10-27_23:43:04,193.0,4000.0,0.0,51.5,2.6,4019.66,1843314.38,1.0
17-10-27_23:43:04,193.0,4000.0,0.0,51.5,2.6,4019.66,1843314.38,1.0
17-10-27_23:43:04,193.0,4000.0,0.0,51.5,2.6,4019.66,1843314.38,1.0
17-10-27_23:43:04,193.0,4000.0,0.0,51.5,2.6,4019.66,1843314.38,1.0
17-10-27_23:43:04,193.0,4000.0,0.0,51.5,2.6,4019.66,1843314.38,1.0
17-10-27_23:43:04,193.0,4000.0,0.0,51.5,2.6,4019.66,1843314.38,1.0
17-10-27_23:43:04,193.0,4000.0,0.0,51.5,2.6,4019.66,1843314.38,1.0
17-10-27_23:43:04,193.0,4000.0,0.0,51.5,2.6,4019.66,1843314.38,1.0
17-10-27_23:43:04,193.0,4000.0,0.0,51.5,2.6,4019.66,1843314.38,1.0
17-10-27_23:43:04,193.0,4000.0,0.0,51.5,2.6,4019.66,1843314.38,1.0
17-10-27_23:43:04,193.0,4000.0,0.0,51.5,2.6,4019.66,1843314.38,1.0
17-10-27_23:43:04,193.0,4000.0,0.0,51.5,2.6,4019.66,1843314.38,1.0
17-10-27_23:43:04,193.0,4000.0,0.0,51.5,2.6,4019.66,1843314.38,1.0
17-10-27_23:43:04,193.0,4000.0,0.0,51.5,2.6,4019.66,1843314.38,1.0
17-10-27_23:43:04,193.0,4000.0,0.0,51.5,2.6,4019.66,1843314.38,1.0
17-10-27_23:43:04,193.0,4000.0,0.0,51.5,2.6,4019.66,1843314.38,1.0
17-10-27_23:43:04,193.0,4000.0,0.0,51.5,2.6,4019.66,1843314.38,1.0
17-10-27_23:43:04,193.0,4000.0,0.0,51.5,2.6,4019.66,1843314.38,1.0
17-10-27_23:43:04,193.0,4000.0,0.0,51.5,2.6,4019.66,1843314.38,1.0
17-10-27_23:43:04,193.0,4000.0,0.0,51.5,2.6,4019.66,1843314.38,1.0
17-10-27_23:43:04,193.0,4000.0,0.0,51.5,2.6,4019.66,1843314.38,1.0
17-10-27_23:43:04,193.0,4000.0,0.0,51.5,2.6,4019.66,1843314.38,1.0
17-10-27_23:43:04,193.0,4000.0,0.0,51.5,2.6,4019.66,1843314.38,1.0
17-10-27_23:43:04,193.0,4000.0,0.0,51.5,2.6,4019.66,1843314.38,1.0
17-10-27_23:43:04,193.0,4000.0,0.0,51.5,2.6,4019.66,1843314.38,1.0
17-10-27_23:43:04,193.0,4000.0,0.0,51.5,2.6,4019.66,1843314.38,1.0
17-10-27_23:43:04,193.0,4000.0,0.0,51.5,2.6,4019.66,1843314.38,1.0
17-10-27_23:43:04,193.0,4000.0,0.0,51.5,2.6,4019.66,1843314.38,1.0
17-10-27_23:43:04,193.0,4000.0,0.0,51.5,2.6,4019.66,1843314.38,1.0
17-10-27_23:43:04,193.0,4000.0,0.0,51.5,2.6,4019.66,1843314.38,1.0
17-10-27_23:43:04,193.0,4000.0,0.0,51.5,2.6,4019.66,1843314.38,1.0
17-10-27_23:43:04,193.0,4000.0,0.0,51.5,2.6,4019.66,1843314.38,1.0
17-10-27_23:43:04,193.0,4000.0,0.0,51.5,2.6,4019.66,1843314.38,1.0
17-10-27_23:43:04,193.0,4000.0,0.0,51.5,2.6,4019.66,1843314.38,1.0
17-10-27_23:43:04,193.0,4000.0,0.0,51.5,2.6,4019.66,1843314.38,1.0
17-10-27_23:43:04,193.0,4000.0,0.0,51.5,2.6,4019.66,1843314.38,1.0
17-10-27_23:43:04,193.0,4000.0,0.0,51.5,2.6,4019.66,1843314.38,1.0
17-10-27_23:43:04,193.0,4000.0,0.0,51.5,2.6,4019.66,1843314.38,1.0
17-10-27_23:43:04,193.0,4000.0,0.0,51.5,2.6,4019.66,1843314.38,1.0
17-10-27_23:43:04,193.0,4000.0,0.0,51.5,2.6,4019.66,1843314.38,1.0
17-10-27_23:43:04,193.0,909.1,0.0,51.5,2.6,4019.66,1843314.38,1.0
17-10-27_23:43:04,193.0,909.1,0.0,51.5,2.6,4019.66,1843314.38,1.0
17-10-27_23:43:04,193.0,909.1,0.0,51.5,2.6,4019.66,1843314.38,1.0
17-10-27_23:43:04,193.0,909.1,0.0,51.5,2.6,4019.66,1843314.38,1.0
17-10-27_23:43:04,193.0,909.1,0.0,51.5,2.6,4019.66,1843314.38,1.0
17-10-27_23:43:04,193.0,909.1,0.0,51.5,2.6,4019.66,1843314.38,1.0
17-10-27_23:43:04,193.0,909.1,0.0,51.5,2.6,4019.66,1843314.38,1.0
17-10-27_23:43:04,193.0,909.1,0.0,51.5,2.6,4019.66,1843314.38,1.0
17-10-27_23:43:04,193.0,909.1,0.0,51.5,2.6,4019.66,1843314.38,1.0
17-10-27_23:43:04,193.0,909.1,0.0,51.5,2.6,4019.66,1843314.38,1.0
17-10-27_23:43:04,193.0,909.1,0.0,51.5,2.6,4019.66,1843314.38,1.0
17-10-27_23:43:04,193.0,909.1,0.0,51.5,2.6,4019.66,1843314.38,1.0
17-10-27_23:43:04,193.0,909.1,0.0,51.5,2.6,4019.66,1843314.38,1.0
17-10-27_23:43:04,193.0,909.1,0.0,51.5,2.6,4019.66,1843314.38,1.0
17-10-27_23:43:04,193.0,909.1,0.0,51.5,2.6,4019.66,1843314.38,1.0
17-10-27_23:43:04,193.0,909.1,0.0,51.5,2.6,4019.66,1843314.38,1.0
17-10-27_23:43:04,193.0,32900.0,0.0,51.5,2.6,4019.66,1843314.38,1.0
17-10-27_23:43:04,193.0,32900.0,0.0,51.5,2.6,4019.66,1843314.38,1.0
17-10-27_23:43:04,193.0,32900.0,0.0,51.5,2.6,4019.66,1843314.38,1.0
17-10-27_23:43:04,193.0,32900.0,0.0,51.5,2.6,4019.66,1843314.38,1.0
17-10-27_23:43:04,193.0,32900.0,0.0,51.5,2.6,4019.66,1843314.38,1.0
17-10-27_23:43:04,193.0,32900.0,0.0,51.5,2.6,4019.66,1843314.38,1.0
17-10-27_23:43:04,193.0,32900.0,0.0,51.5,2.6,4019.66,1843314.38,1.0
17-10-27_23:43:04,193.0,32900.0,0.0,51.5,2.6,4019.66,1843314.38,1.0
17-10-27_23:43:04,193.0,32900.0,0.0,51.5,2.6,4019.66,1843314.38,1.0
17-10-27_23:43:04,193.0,32900.0,0.0,51.5,2.6,4019.66,1843314.38,1.0
17-10-27_23:43:04,193.0,32900.0,0.0,51.5,2.6,4019.66,1843314.38,1.0
17-10-27_23:43:04,193.0,32900.0,0.0,51.5,2.6,4019.66,1843314.38,1.0
17-10-27_23:43:04,193.0,32900.0,0.0,51.5,2.6,4019.66,1843314.38,1.0
17-10-27_23:43:04,193.0,32900.0,0.0,51.5,2.6,4019.66,1843314.38,1.0
17-10-27_23:43:04,193.0,32900.0,0.0,51.5,2.6,4019.66,1843314.38,1.0
17-10-27_23:43:04,193.0,32900.0,0.0,51.5,2.6,4019.66,1843314.38,1.0
17-10-27_23:43:04,193.0,164.4,0.0,51.5,2.6,4019.66,1843314.38,1.0
17-10-27_23:43:04,193.0,164.4,0.0,51.5,2.6,4019.66,1843314.38,1.0
17-10-27_23:43:04,193.0,164.4,0.0,51.5,2.6,4019.66,1843314.38,1.0
17-10-27_23:43:04,193.0,164.4,0.0,51.5,2.6,4019.66,1843314.38,1.0
17-10-27_23:43:04,193.0,164.4,0.0,51.5,2.6,4019.66,1843314.38,1.0
17-10-27_23:43:04,193.0,164.4,0.0,51.5,2.6,4019.66,1843314.38,1.0
17-10-27_23:43:04,193.0,164.4,0.0,51.5,2.6,4019.66,1843314.38,1.0
17-10-27_23:43:04,193.0,164.4,0.0,51.5,2.6,4019.66,1843314.38,1.0
17-10-27_23:43:04,193.0,164.4,0.0,51.5,2.6,4019.66,1843314.38,1.0
17-10-27_23:43:04,193.0,164.4,0.0,51.5,2.6,4019.66,1843314.38,1.0
17-10-27_23:43:04,193.0,164.4,0.0,51.5,2.6,4019.66,1843314.38,1.0
17-10-27_23:43:04,193.0,164.4,0.0,51.5,2.6,4019.66,1843314.38,1.0
17-10-27_23:43:04,193.0,164.4,0.0,51.5,2.6,4019.66,1843314.38,1.0
17-10-27_23:43:04,193.0,164.4,0.0,51.5,2.6,4019.66,1843314.38,1.0
17-10-27_23:43:04,193.0,164.4,0.0,51.5,2.6,4019.66,1843314.38,1.0
17-10-27_23:43:04,193.0,164.4,0.0,51.5,2.6,4019.66,1843314.38,1.0
17-10-27_23:43:04,193.0,6.0,0.0,51.5,2.6,4019.66,1843314.38,1.0
17-10-27_23:43:04,193.0,6.0,0.0,51.5,2.6,4019.66,1843314.38,1.0
17-10-27_23:43:04,193.0,6.0,0.0,51.5,2.6,4019.66,1843314.38,1.0
17-10-27_23:43:04,193.0,6.0,0.0,51.5,2.6,4019.66,1843314.38,1.0
17-10-27_23:43:04,193.0,6.0,0.0,51.5,2.6,4019.66,1843314.38,1.0
17-10-27_23:43:04,193.0,6.0,0.0,51.5,2.6,4019.66,1843314.38,1.0
17-10-27_23:43:04,193.0,6.0,0.0,51.5,2.6,4019.66,1843314.38,1.0
17-10-27_23:43:04,193.0,6.0,0.0,51.5,2.6,4019.66,1843314.38,1.0
17-10-27_23:43:04,193.0,6.0,0.0,51.5,2.6,4019.66,1843314.38,1.0
17-10-27_23:43:04,193.0,6.0,0.0,51.5,2.6,4019.66,1843314.38,1.0
17-10-27_23:43:04,193.0,6.0,0.0,51.5,2.6,4019.66,1843314.38,1.0
17-10-27_23:43:04,193.0,6.0,0.0,51.5,2.6,4019.66,1843314.38,1.0
17-10-27_23:43:04,193.0,6.0,0.0,51.5,2.6,4019.66,1843314.38,1.0
17-10-27_23:43:04,193.0,6.0,0.0,51.5,2.6,4019.66,1843314.38,1.0
17-10-27_23:43:04,193.0,6.0,0.0,51.5,2.6,4019.66,1843314.38,1.0
17-10-27_23:43:04,193.0,6.0,0.0,51.5,2.6,4019.66,1843314.38,1.0
17-10-27_23:43:04,193.0,3.3,0.0,51.5,2.6,4019.66,1843314.38,1.0
17-10-27_23:43:04,193.0,3.3,0.0,51.5,2.6,4019.66,1843314.38,1.0
17-10-27_23:43:04,193.0,3.3,0.0,51.5,2.6,4019.66,1843314.38,1.0
17-10-27_23:43:04,193.0,3.3,0.0,51.5,2.6,4019.66,1843314.38,1.0
17-10-27_23:43:04,193.0,3.3,0.0,51.5,2.6,4019.66,1843314.38,1.0
17-10-27_23:43:04,193.0,3.3,0.0,51.5,2.6,4019.66,1843314.38,1.0
17-10-27_23:43:04,193.0,3.3,0.0,51.5,2.6,4019.66,1843314.38,1.0
17-10-27_23:43:04,193.0,3.3,0.0,51.5,2.6,4019.66,1843314.38,1.0
17-10-27_23:43:04,193.0,3.3,0.0,51.5,2.6,4019.66,1843314.38,1.0
17-10-27_23:43:04,193.0,3.3,0.0,51.5,2.6,4019.66,1843314.38,1.0
17-10-27_23:43:04,193.0,3.3,0.0,51.5,2.6,4019.66,1843314.38,1.0
17-10-27_23:43:04,193.0,3.3,0.0,51.5,2.6,4019.66,1843314.38,1.0
17-10-27_23:43:04,193.0,3.3,0.0,51.5,2.6,4019.66,1843314.38,1.0
17-10-27_23:43:04,193.0,3.3,0.0,51.5,2.6,4019.66,1843314.38,1.0
17-10-27_23:43:04,193.0,3.3,0.0,51.5,2.6,4019.66,1843314.38,1.0
17-10-27_23:43:04,193.0,3.3,0.0,51.5,2.6,4019.66,1843314.38,1.0
17-10-27_23:43:08,193.0,6.3,0.0,69.3,1.9,25125150.0,2421067.5,1.0
17-10-27_23:43:08,193.0,6.3,0.0,69.3,1.9,25125150.0,2132190.94,1.0
17-10-27_23:43:08,193.0,6.3,0.0,69.3,1.9,12564584.83,2421067.5,1.0
17-10-27_23:43:08,193.0,6.3,0.0,69.3,1.9,12564584.83,2132190.94,1.0
17-10-27_23:43:08,193.0,6.3,0.0,69.3,2.25,25125150.0,2421067.5,1.0
17-10-27_23:43:08,193.0,6.3,0.0,69.3,2.25,25125150.0,2132190.94,1.0
17-10-27_23:43:08,193.0,6.3,0.0,69.3,2.25,12564584.83,2421067.5,1.0
17-10-27_23:43:08,193.0,6.3,0.0,69.3,2.25,12564584.83,2132190.94,1.0
17-10-27_23:43:08,193.0,6.3,0.0,60.4,1.9,25125150.0,2421067.5,1.0
17-10-27_23:43:08,193.0,6.3,0.0,60.4,1.9,25125150.0,2132190.94,1.0
17-10-27_23:43:08,193.0,6.3,0.0,60.4,1.9,12564584.83,2421067.5,1.0
17-10-27_23:43:08,193.0,6.3,0.0,60.4,1.9,12564584.83,2132190.94,1.0
17-10-27_23:43:08,193.0,6.3,0.0,60.4,2.25,25125150.0,2421067.5,1.0
17-10-27_23:43:08,193.0,6.3,0.0,60.4,2.25,25125150.0,2132190.94,1.0
17-10-27_23:43:08,193.0,6.3,0.0,60.4,2.25,12564584.83,2421067.5,1.0
17-10-27_23:43:08,193.0,6.3,0.0,60.4,2.25,12564584.83,2132190.94,1.0
17-10-27_23:43:08,193.0,3.4,0.0,69.3,1.9,25125150.0,2421067.5,1.0
17-10-27_23:43:08,193.0,3.4,0.0,69.3,1.9,25125150.0,2132190.94,1.0
17-10-27_23:43:08,193.0,3.4,0.0,69.3,1.9,12564584.83,2421067.5,1.0
17-10-27_23:43:08,193.0,3.4,0.0,69.3,1.9,12564584.83,2132190.94,1.0
17-10-27_23:43:08,193.0,3.4,0.0,69.3,2.25,25125150.0,2421067.5,1.0
17-10-27_23:43:08,193.0,3.4,0.0,69.3,2.25,25125150.0,2132190.94,1.0
17-10-27_23:43:08,193.0,3.4,0.0,69.3,2.25,12564584.83,2421067.5,1.0
17-10-27_23:43:08,193.0,3.4,0.0,69.3,2.25,12564584.83,2132190.94,1.0
17-10-27_23:43:08,193.0,3.4,0.0,60.4,1.9,25125150.0,2421067.5,1.0
17-10-27_23:43:08,193.0,3.4,0.0,60.4,1.9,25125150.0,2132190.94,1.0
17-10-27_23:43:08,193.0,3.4,0.0,60.4,1.9,12564584.83,2421067.5,1.0
17-10-27_23:43:08,193.0,3.4,0.0,60.4,1.9,12564584.83,2132190.94,1.0
17-10-27_23:43:08,193.0,3.4,0.0,60.4,2.25,25125150.0,2421067.5,1.0
17-10-27_23:43:08,193.0,3.4,0.0,60.4,2.25,25125150.0,2132190.94,1.0
17-10-27_23:43:08,193.0,3.4,0.0,60.4,2.25,12564584.83,2421067.5,1.0
17-10-27_23:43:08,193.0,3.4,0.0,60.4,2.25,12564584.83,2132190.94,1.0
17-10-27_23:45:51,193.0,4.4,0.0,0.1,0.1,771.59,2069.13,1.0
17-10-27_23:45:51,193.0,2.4,0.0,0.1,0.1,771.59,2069.13,1.0
17-10-27_23:45:53,193.0,70.5,0.0,0.1,0.1,771.59,2069.13,1.0
17-10-27_23:45:53,193.0,25.0,0.0,0.1,0.1,771.59,2069.13,1.0
17-10-27_23:45:58,193.0,4.9,0.0,2.1,0.2,771.59,2069.13,1.0
17-10-27_23:45:58,193.0,2.9,0.0,2.1,0.2,771.59,2069.13,1.0
17-10-27_23:45:59,193.0,76.4,0.0,2.1,0.2,771.59,2069.13,1.0
17-10-27_23:45:59,193.0,28.2,0.0,2.1,0.2,771.59,2069.13,1.0
17-10-27_23:46:01,193.0,0.0,23.1,2.1,0.2,771.59,2069.13,1.0
17-10-27_23:46:01,193.0,0.0,2.8,2.1,0.2,771.59,2069.13,1.0
17-10-27_23:46:01,193.0,0.0,2.8,2.1,0.2,771.59,2069.13,1.0
17-10-27_23:46:01,193.0,0.0,2.8,2.1,0.2,771.59,2069.13,1.0
17-10-27_23:46:01,193.0,0.0,23.1,2.1,0.2,771.59,2069.13,1.0
17-10-27_23:46:01,193.0,0.0,23.1,2.1,0.2,771.59,2069.13,1.0
17-10-27_23:46:01,193.0,0.0,2.6,2.1,0.2,771.59,2069.13,1.0
17-10-27_23:46:01,193.0,0.0,2.6,2.1,0.2,771.59,2069.13,1.0
17-10-27_23:46:01,193.0,0.0,2.6,2.1,0.2,771.59,2069.13,1.0
17-10-27_23:46:01,193.0,0.0,4200.0,2.1,0.2,771.59,2069.13,1.0
17-10-27_23:46:01,193.0,0.0,4200.0,2.1,0.2,771.59,2069.13,1.0
17-10-27_23:46:01,193.0,0.0,4300.0,2.1,0.2,771.59,2069.13,1.0
17-10-27_23:46:01,193.0,0.0,4100.0,2.1,0.2,771.59,2069.13,1.0
17-10-27_23:46:01,193.0,0.0,4200.0,2.1,0.2,771.59,2069.13,1.0
17-10-27_23:46:01,193.0,0.0,4200.0,2.1,0.2,771.59,2069.13,1.0
17-10-27_23:46:01,193.0,0.0,4300.0,2.1,0.2,771.59,2069.13,1.0
17-10-27_23:46:01,193.0,0.0,2.8,2.1,0.2,771.59,2069.13,1.0
17-10-27_23:46:01,193.0,0.0,2.8,2.1,0.2,771.59,2069.13,1.0
17-10-27_23:46:01,193.0,0.0,4200.0,2.1,0.2,771.59,2069.13,1.0
17-10-27_23:46:01,193.0,0.0,2.8,2.1,0.2,771.59,2069.13,1.0
17-10-27_23:46:01,193.0,0.0,4200.0,2.1,0.2,771.59,2069.13,1.0
17-10-27_23:46:01,193.0,0.0,4200.0,2.1,0.2,771.59,2069.13,1.0
17-10-27_23:46:01,193.0,0.0,4100.0,2.1,0.2,771.59,2069.13,1.0
17-10-27_23:46:01,193.0,0.0,4300.0,2.1,0.2,771.59,2069.13,1.0
17-10-27_23:46:01,193.0,0.0,4200.0,2.1,0.2,771.59,2069.13,1.0
17-10-27_23:46:01,193.0,0.0,4300.0,2.1,0.2,771.59,2069.13,1.0
17-10-27_23:46:01,193.0,0.0,4200.0,2.1,0.2,771.59,2069.13,1.0
17-10-27_23:46:01,193.0,0.0,4200.0,2.1,0.2,771.59,2069.13,1.0
17-10-27_23:46:01,193.0,0.0,4.0,2.1,0.2,771.59,2069.13,1.0
17-10-27_23:46:01,193.0,0.0,4000.0,2.1,0.2,771.59,2069.13,1.0
17-10-27_23:46:01,193.0,0.0,1355.9,2.1,0.2,771.59,2069.13,1.0
17-10-27_23:46:01,193.0,0.0,3000.0,2.1,0.2,771.59,2069.13,1.0
17-10-27_23:46:01,193.0,0.0,4000.0,2.1,0.2,771.59,2069.13,1.0
17-10-27_23:46:01,193.0,0.0,4000.0,2.1,0.2,771.59,2069.13,1.0
17-10-27_23:46:01,193.0,0.0,4000.0,2.1,0.2,771.59,2069.13,1.0
17-10-27_23:46:01,193.0,0.0,4000.0,2.1,0.2,771.59,2069.13,1.0
17-10-27_23:46:01,193.0,0.0,4000.0,2.1,0.2,771.59,2069.13,1.0
17-10-27_23:46:01,193.0,0.0,4000.0,2.1,0.2,771.59,2069.13,1.0
17-10-27_23:46:01,193.0,0.0,4000.0,2.1,0.2,771.59,2069.13,1.0
17-10-27_23:46:01,193.0,0.0,4000.0,2.1,0.2,771.59,2069.13,1.0
17-10-27_23:46:01,193.0,0.0,909.1,2.1,0.2,771.59,2069.13,1.0
17-10-27_23:46:01,193.0,0.0,164.4,2.1,0.2,771.59,2069.13,1.0
17-10-27_23:46:01,193.0,0.0,3.3,2.1,0.2,771.59,2069.13,1.0
17-10-27_23:46:01,193.0,0.0,3.3,2.1,0.2,771.59,2069.13,1.0
17-10-27_23:46:01,193.0,0.0,3.3,2.1,0.2,771.59,2069.13,1.0
17-10-27_23:46:01,193.0,0.0,3000.0,2.1,0.2,771.59,2069.13,1.0
17-10-27_23:46:01,193.0,0.0,3000.0,2.1,0.2,771.59,2069.13,1.0
17-10-27_23:46:01,193.0,0.0,3.4,2.1,0.2,771.59,2069.13,1.0
17-10-27_23:46:01,193.0,0.0,3.4,2.1,0.2,771.59,2069.13,1.0
17-10-27_23:46:01,193.0,0.0,100700.0,2.1,0.2,771.59,2069.13,1.0
17-10-27_23:46:01,193.0,0.0,4000.0,2.1,0.2,771.59,2069.13,1.0
17-10-27_23:46:01,193.0,0.0,909.1,2.1,0.2,771.59,2069.13,1.0
17-10-27_23:46:01,193.0,0.0,4000.0,2.1,0.2,771.59,2069.13,1.0
17-10-27_23:46:01,193.0,0.0,4000.0,2.1,0.2,771.59,2069.13,1.0
17-10-27_23:46:01,193.0,0.0,4000.0,2.1,0.2,771.59,2069.13,1.0
17-10-27_23:46:01,193.0,0.0,4000.0,2.1,0.2,771.59,2069.13,1.0
17-10-27_23:46:01,193.0,0.0,4000.0,2.1,0.2,771.59,2069.13,1.0
17-10-27_23:46:01,193.0,0.0,4000.0,2.1,0.2,771.59,2069.13,1.0
17-10-27_23:46:01,193.0,0.0,4000.0,2.1,0.2,771.59,2069.13,1.0
17-10-27_23:46:01,193.0,0.0,164.4,2.1,0.2,771.59,2069.13,1.0
17-10-27_23:46:01,193.0,0.0,1355.9,2.1,0.2,771.59,2069.13,1.0
17-10-27_23:46:01,193.0,0.0,4000.0,2.1,0.2,771.59,2069.13,1.0
17-10-27_23:46:01,193.0,0.0,3.3,2.1,0.2,771.59,2069.13,1.0
17-10-27_23:46:01,193.0,0.0,3.3,2.1,0.2,771.59,2069.13,1.0
17-10-27_23:46:01,193.0,0.0,3.3,2.1,0.2,771.59,2069.13,1.0
17-10-27_23:46:01,193.0,0.0,4.0,2.1,0.2,771.59,2069.13,1.0
17-10-27_23:46:01,193.0,0.0,2.6,2.1,0.2,771.59,2069.13,1.0
17-10-27_23:46:01,193.0,0.0,2.6,2.1,0.2,771.59,2069.13,1.0
17-10-27_23:46:01,193.0,0.0,2.6,2.1,0.2,771.59,2069.13,1.0
17-10-27_23:46:01,193.0,0.0,2.4,2.1,0.2,771.59,2069.13,1.0
17-10-27_23:46:01,193.0,0.0,2.4,2.1,0.2,771.59,2069.13,1.0
17-10-27_23:46:01,193.0,0.0,70200.0,2.1,0.2,771.59,2069.13,1.0
17-10-27_23:46:01,193.0,0.0,3.4,2.1,0.2,771.59,2069.13,1.0
17-10-27_23:46:01,193.0,0.0,3.4,2.1,0.2,771.59,2069.13,1.0
17-10-27_23:46:01,193.0,0.0,70200.0,2.1,0.2,771.59,2069.13,1.0
17-10-27_23:46:01,193.0,0.0,4000.0,2.1,0.2,771.59,2069.13,1.0
17-10-27_23:46:01,193.0,0.0,164.4,2.1,0.2,771.59,2069.13,1.0
17-10-27_23:46:01,193.0,0.0,4000.0,2.1,0.2,771.59,2069.13,1.0
17-10-27_23:46:01,193.0,0.0,4000.0,2.1,0.2,771.59,2069.13,1.0
17-10-27_23:46:01,193.0,0.0,4000.0,2.1,0.2,771.59,2069.13,1.0
17-10-27_23:46:01,193.0,0.0,164.4,2.1,0.2,771.59,2069.13,1.0
17-10-27_23:46:01,193.0,0.0,4000.0,2.1,0.2,771.59,2069.13,1.0
17-10-27_23:46:01,193.0,0.0,4000.0,2.1,0.2,771.59,2069.13,1.0
17-10-27_23:46:01,193.0,0.0,4000.0,2.1,0.2,771.59,2069.13,1.0
17-10-27_23:46:01,193.0,0.0,4000.0,2.1,0.2,771.59,2069.13,1.0
17-10-27_23:46:01,193.0,0.0,4000.0,2.1,0.2,771.59,2069.13,1.0
17-10-27_23:46:01,193.0,0.0,909.1,2.1,0.2,771.59,2069.13,1.0
17-10-27_23:46:01,193.0,0.0,4000.0,2.1,0.2,771.59,2069.13,1.0
17-10-27_23:46:01,193.0,0.0,4000.0,2.1,0.2,771.59,2069.13,1.0
17-10-27_23:46:01,193.0,0.0,4000.0,2.1,0.2,771.59,2069.13,1.0
17-10-27_23:46:01,193.0,0.0,4000.0,2.1,0.2,771.59,2069.13,1.0
17-10-27_23:46:01,193.0,0.0,4000.0,2.1,0.2,771.59,2069.13,1.0
17-10-27_23:46:01,193.0,0.0,4000.0,2.1,0.2,771.59,2069.13,1.0
17-10-27_23:46:01,193.0,0.0,4000.0,2.1,0.2,771.59,2069.13,1.0
17-10-27_23:46:01,193.0,0.0,909.1,2.1,0.2,771.59,2069.13,1.0
17-10-27_23:46:01,193.0,0.0,4.0,2.1,0.2,771.59,2069.13,1.0
17-10-27_23:46:01,193.0,0.0,4000.0,2.1,0.2,771.59,2069.13,1.0
17-10-27_23:46:01,193.0,0.0,3000.0,2.1,0.2,771.59,2069.13,1.0
17-10-27_23:46:01,193.0,0.0,1355.9,2.1,0.2,771.59,2069.13,1.0
17-10-27_23:46:01,193.0,0.0,4.0,2.1,0.2,771.59,2069.13,1.0
17-10-27_23:46:01,193.0,0.0,4000.0,2.1,0.2,771.59,2069.13,1.0
17-10-27_23:46:01,193.0,0.0,3000.0,2.1,0.2,771.59,2069.13,1.0
17-10-27_23:46:01,193.0,0.0,1355.9,2.1,0.2,771.59,2069.13,1.0
17-10-27_23:46:01,193.0,0.0,3000.0,2.1,0.2,771.59,2069.13,1.0
17-10-27_23:46:01,193.0,0.0,25.0,2.1,0.2,771.59,2069.13,1.0
17-10-27_23:46:01,193.0,0.0,25.0,2.1,0.2,771.59,2069.13,1.0
17-10-27_23:46:01,193.0,0.0,25.0,2.1,0.2,771.59,2069.13,1.0
17-10-27_23:46:01,193.0,0.0,25.0,2.1,0.2,771.59,2069.13,1.0
17-10-27_23:46:01,193.0,0.0,2.4,2.1,0.2,771.59,2069.13,1.0
17-10-27_23:46:01,193.0,0.0,2.4,2.1,0.2,771.59,2069.13,1.0
17-10-27_23:46:01,193.0,0.0,2.9,2.1,0.2,771.59,2069.13,1.0
17-10-27_23:46:01,193.0,0.0,2.9,2.1,0.2,771.59,2069.13,1.0
17-10-27_23:46:01,193.0,0.0,2.9,2.1,0.2,771.59,2069.13,1.0
17-10-27_23:46:01,193.0,0.0,28.2,2.1,0.2,771.59,2069.13,1.0
17-10-27_23:46:01,193.0,0.0,28.2,2.1,0.2,771.59,2069.13,1.0
17-10-27_23:54:12,199.0,238.5,0.0,0.1,0.1,785.2,1888.95,1.0
17-10-27_23:54:12,199.0,238.5,0.0,0.1,0.1,785.2,1888.95,1.0
17-10-27_23:54:12,199.0,238.5,0.0,0.1,0.1,785.2,1888.95,1.0
17-10-27_23:54:12,199.0,238.5,0.0,0.1,0.1,785.2,1888.95,1.0
17-10-27_23:54:12,199.0,238.5,0.0,0.1,0.1,785.2,1888.95,1.0
17-10-27_23:54:12,199.0,238.5,0.0,0.1,0.1,785.2,1888.95,1.0
17-10-27_23:54:12,199.0,238.5,0.0,0.1,0.1,785.2,1888.95,1.0
17-10-27_23:54:12,199.0,238.5,0.0,0.1,0.1,785.2,1888.95,1.0
17-10-27_23:54:12,199.0,238.5,0.0,0.1,0.1,785.2,1888.95,1.0
17-10-27_23:54:12,199.0,238.5,0.0,0.1,0.1,785.2,1888.95,1.0
17-10-27_23:54:12,199.0,238.5,0.0,0.1,0.1,785.2,1888.95,1.0
17-10-27_23:54:12,199.0,238.5,0.0,0.1,0.1,785.2,1888.95,1.0
17-10-27_23:54:12,199.0,238.5,0.0,0.1,0.1,785.2,1888.95,1.0
17-10-27_23:54:12,199.0,238.5,0.0,0.1,0.1,785.2,1888.95,1.0
17-10-27_23:54:12,199.0,238.5,0.0,0.1,0.1,785.2,1888.95,1.0
17-10-27_23:54:12,199.0,238.5,0.0,0.1,0.1,785.2,1888.95,1.0
17-10-27_23:54:12,199.0,23.1,0.0,0.1,0.1,785.2,1888.95,1.0
17-10-27_23:54:12,199.0,23.1,0.0,0.1,0.1,785.2,1888.95,1.0
17-10-27_23:54:12,199.0,23.1,0.0,0.1,0.1,785.2,1888.95,1.0
17-10-27_23:54:12,199.0,23.1,0.0,0.1,0.1,785.2,1888.95,1.0
17-10-27_23:54:12,199.0,23.1,0.0,0.1,0.1,785.2,1888.95,1.0
17-10-27_23:54:12,199.0,23.1,0.0,0.1,0.1,785.2,1888.95,1.0
17-10-27_23:54:12,199.0,23.1,0.0,0.1,0.1,785.2,1888.95,1.0
17-10-27_23:54:12,199.0,23.1,0.0,0.1,0.1,785.2,1888.95,1.0
17-10-27_23:54:12,199.0,23.1,0.0,0.1,0.1,785.2,1888.95,1.0
17-10-27_23:54:12,199.0,23.1,0.0,0.1,0.1,785.2,1888.95,1.0
17-10-27_23:54:12,199.0,23.1,0.0,0.1,0.1,785.2,1888.95,1.0
17-10-27_23:54:12,199.0,23.1,0.0,0.1,0.1,785.2,1888.95,1.0
17-10-27_23:54:12,199.0,23.1,0.0,0.1,0.1,785.2,1888.95,1.0
17-10-27_23:54:12,199.0,23.1,0.0,0.1,0.1,785.2,1888.95,1.0
17-10-27_23:54:12,199.0,23.1,0.0,0.1,0.1,785.2,1888.95,1.0
17-10-27_23:54:12,199.0,23.1,0.0,0.1,0.1,785.2,1888.95,1.0
17-10-27_23:54:13,199.0,4.9,0.0,0.1,0.1,785.2,1888.95,1.0
17-10-27_23:54:13,199.0,2.8,0.0,0.1,0.1,785.2,1888.95,1.0
17-10-27_23:54:21,199.0,4.8,0.0,47.2,2.7,785.2,1888.95,1.0
17-10-27_23:54:21,199.0,2.6,0.0,47.2,2.7,785.2,1888.95,1.0
17-10-27_23:54:24,199.0,3.9,0.0,47.2,2.7,785.2,1888.95,1.0
17-10-27_23:54:24,199.0,3.9,0.0,47.2,2.7,785.2,1888.95,1.0
17-10-27_23:54:24,199.0,3.9,0.0,47.2,2.7,785.2,1888.95,1.0
17-10-27_23:54:24,199.0,3.9,0.0,47.2,2.7,785.2,1888.95,1.0
17-10-27_23:54:24,199.0,3.9,0.0,47.2,2.7,785.2,1888.95,1.0
17-10-27_23:54:24,199.0,3.9,0.0,47.2,2.7,785.2,1888.95,1.0
17-10-27_23:54:24,199.0,3.9,0.0,47.2,2.7,785.2,1888.95,1.0
17-10-27_23:54:24,199.0,3.9,0.0,47.2,2.7,785.2,1888.95,1.0
17-10-27_23:54:24,199.0,3.9,0.0,47.2,2.7,785.2,1888.95,1.0
17-10-27_23:54:24,199.0,3.9,0.0,47.2,2.7,785.2,1888.95,1.0
17-10-27_23:54:24,199.0,3.9,0.0,47.2,2.7,785.2,1888.95,1.0
17-10-27_23:54:24,199.0,3.9,0.0,47.2,2.7,785.2,1888.95,1.0
17-10-27_23:54:24,199.0,3.9,0.0,47.2,2.7,785.2,1888.95,1.0
17-10-27_23:54:24,199.0,3.9,0.0,47.2,2.7,785.2,1888.95,1.0
17-10-27_23:54:24,199.0,3.9,0.0,47.2,2.7,785.2,1888.95,1.0
17-10-27_23:54:24,199.0,3.9,0.0,47.2,2.7,785.2,1888.95,1.0
17-10-27_23:54:24,199.0,4.0,0.0,47.2,2.7,785.2,1888.95,1.0
17-10-27_23:54:24,199.0,4.0,0.0,47.2,2.7,785.2,1888.95,1.0
17-10-27_23:54:24,199.0,4.0,0.0,47.2,2.7,785.2,1888.95,1.0
17-10-27_23:54:24,199.0,4.0,0.0,47.2,2.7,785.2,1888.95,1.0
17-10-27_23:54:24,199.0,4.0,0.0,47.2,2.7,785.2,1888.95,1.0
17-10-27_23:54:24,199.0,4.0,0.0,47.2,2.7,785.2,1888.95,1.0
17-10-27_23:54:24,199.0,4.0,0.0,47.2,2.7,785.2,1888.95,1.0
17-10-27_23:54:24,199.0,4.0,0.0,47.2,2.7,785.2,1888.95,1.0
17-10-27_23:54:24,199.0,4.0,0.0,47.2,2.7,785.2,1888.95,1.0
17-10-27_23:54:24,199.0,4.0,0.0,47.2,2.7,785.2,1888.95,1.0
17-10-27_23:54:24,199.0,4.0,0.0,47.2,2.7,785.2,1888.95,1.0
17-10-27_23:54:24,199.0,4.0,0.0,47.2,2.7,785.2,1888.95,1.0
17-10-27_23:54:24,199.0,4.0,0.0,47.2,2.7,785.2,1888.95,1.0
17-10-27_23:54:24,199.0,4.0,0.0,47.2,2.7,785.2,1888.95,1.0
17-10-27_23:54:24,199.0,4.0,0.0,47.2,2.7,785.2,1888.95,1.0
17-10-27_23:54:24,199.0,4.0,0.0,47.2,2.7,785.2,1888.95,1.0
17-10-27_23:54:24,199.0,38000.0,0.0,47.2,2.7,785.2,1888.95,1.0
17-10-27_23:54:24,199.0,38000.0,0.0,47.2,2.7,785.2,1888.95,1.0
17-10-27_23:54:24,199.0,38000.0,0.0,47.2,2.7,785.2,1888.95,1.0
17-10-27_23:54:24,199.0,38000.0,0.0,47.2,2.7,785.2,1888.95,1.0
17-10-27_23:54:24,199.0,38000.0,0.0,47.2,2.7,785.2,1888.95,1.0
17-10-27_23:54:24,199.0,38000.0,0.0,47.2,2.7,785.2,1888.95,1.0
17-10-27_23:54:24,199.0,38000.0,0.0,47.2,2.7,785.2,1888.95,1.0
17-10-27_23:54:24,199.0,38000.0,0.0,47.2,2.7,785.2,1888.95,1.0
17-10-27_23:54:24,199.0,38000.0,0.0,47.2,2.7,785.2,1888.95,1.0
17-10-27_23:54:24,199.0,38000.0,0.0,47.2,2.7,785.2,1888.95,1.0
17-10-27_23:54:24,199.0,38000.0,0.0,47.2,2.7,785.2,1888.95,1.0
17-10-27_23:54:24,199.0,38000.0,0.0,47.2,2.7,785.2,1888.95,1.0
17-10-27_23:54:24,199.0,38000.0,0.0,47.2,2.7,785.2,1888.95,1.0
17-10-27_23:54:24,199.0,38000.0,0.0,47.2,2.7,785.2,1888.95,1.0
17-10-27_23:54:24,199.0,38000.0,0.0,47.2,2.7,785.2,1888.95,1.0
17-10-27_23:54:24,199.0,38000.0,0.0,47.2,2.7,785.2,1888.95,1.0
17-10-27_23:54:25,199.0,4000.0,0.0,47.2,2.7,785.2,1888.95,1.0
17-10-27_23:54:25,199.0,1355.9,0.0,47.2,2.7,785.2,1888.95,1.0
17-10-27_23:54:25,199.0,9500.0,0.0,47.2,2.7,785.2,1888.95,1.0
17-10-27_23:54:25,199.0,3000.0,0.0,47.2,2.7,785.2,1888.95,1.0
17-10-27_23:54:25,199.0,32900.0,0.0,47.2,2.7,785.2,1888.95,1.0
17-10-27_23:54:25,199.0,4000.0,0.0,47.2,2.7,785.2,1888.95,1.0
17-10-27_23:54:25,199.0,4000.0,0.0,47.2,2.7,785.2,1888.95,1.0
17-10-27_23:54:25,199.0,4000.0,0.0,47.2,2.7,785.2,1888.95,1.0
17-10-27_23:54:25,199.0,4000.0,0.0,47.2,2.7,785.2,1888.95,1.0
17-10-27_23:54:25,199.0,4000.0,0.0,47.2,2.7,785.2,1888.95,1.0
17-10-27_23:54:25,199.0,4000.0,0.0,47.2,2.7,785.2,1888.95,1.0
17-10-27_23:54:25,199.0,4000.0,0.0,47.2,2.7,785.2,1888.95,1.0
17-10-27_23:54:25,199.0,4000.0,0.0,47.2,2.7,785.2,1888.95,1.0
17-10-27_23:54:25,199.0,909.1,0.0,47.2,2.7,785.2,1888.95,1.0
17-10-27_23:54:25,199.0,32900.0,0.0,47.2,2.7,785.2,1888.95,1.0
17-10-27_23:54:25,199.0,164.4,0.0,47.2,2.7,785.2,1888.95,1.0
17-10-27_23:54:25,199.0,6.0,0.0,47.2,2.7,785.2,1888.95,1.0
17-10-27_23:54:25,199.0,3.3,0.0,47.2,2.7,785.2,1888.95,1.0
17-10-27_23:54:28,199.0,6.3,0.0,75.5,2.4,785.2,1488823.13,1.0
17-10-27_23:54:28,199.0,6.3,0.0,75.5,2.4,785.2,373622.495,1.0
17-10-27_23:54:28,199.0,6.3,0.0,75.5,2.4,6072563.9,1488823.13,1.0
17-10-27_23:54:28,199.0,6.3,0.0,75.5,2.4,6072563.9,373622.495,1.0
17-10-27_23:54:28,199.0,6.3,0.0,75.5,2.625,785.2,1488823.13,1.0
17-10-27_23:54:28,199.0,6.3,0.0,75.5,2.625,785.2,373622.495,1.0
17-10-27_23:54:28,199.0,6.3,0.0,75.5,2.625,6072563.9,1488823.13,1.0
17-10-27_23:54:28,199.0,6.3,0.0,75.5,2.625,6072563.9,373622.495,1.0
17-10-27_23:54:28,199.0,6.3,0.0,54.275,2.4,785.2,1488823.13,1.0
17-10-27_23:54:28,199.0,6.3,0.0,54.275,2.4,785.2,373622.495,1.0
17-10-27_23:54:28,199.0,6.3,0.0,54.275,2.4,6072563.9,1488823.13,1.0
17-10-27_23:54:28,199.0,6.3,0.0,54.275,2.4,6072563.9,373622.495,1.0
17-10-27_23:54:28,199.0,6.3,0.0,54.275,2.625,785.2,1488823.13,1.0
17-10-27_23:54:28,199.0,6.3,0.0,54.275,2.625,785.2,373622.495,1.0
17-10-27_23:54:28,199.0,6.3,0.0,54.275,2.625,6072563.9,1488823.13,1.0
17-10-27_23:54:28,199.0,6.3,0.0,54.275,2.625,6072563.9,373622.495,1.0
17-10-27_23:54:28,199.0,3.4,0.0,75.5,2.4,785.2,1488823.13,1.0
17-10-27_23:54:28,199.0,3.4,0.0,75.5,2.4,785.2,373622.495,1.0
17-10-27_23:54:28,199.0,3.4,0.0,75.5,2.4,6072563.9,1488823.13,1.0
17-10-27_23:54:28,199.0,3.4,0.0,75.5,2.4,6072563.9,373622.495,1.0
17-10-27_23:54:28,199.0,3.4,0.0,75.5,2.625,785.2,1488823.13,1.0
17-10-27_23:54:28,199.0,3.4,0.0,75.5,2.625,785.2,373622.495,1.0
17-10-27_23:54:28,199.0,3.4,0.0,75.5,2.625,6072563.9,1488823.13,1.0
17-10-27_23:54:28,199.0,3.4,0.0,75.5,2.625,6072563.9,373622.495,1.0
17-10-27_23:54:28,199.0,3.4,0.0,54.275,2.4,785.2,1488823.13,1.0
17-10-27_23:54:28,199.0,3.4,0.0,54.275,2.4,785.2,373622.495,1.0
17-10-27_23:54:28,199.0,3.4,0.0,54.275,2.4,6072563.9,1488823.13,1.0
17-10-27_23:54:28,199.0,3.4,0.0,54.275,2.4,6072563.9,373622.495,1.0
17-10-27_23:54:28,199.0,3.4,0.0,54.275,2.625,785.2,1488823.13,1.0
17-10-27_23:54:28,199.0,3.4,0.0,54.275,2.625,785.2,373622.495,1.0
17-10-27_23:54:28,199.0,3.4,0.0,54.275,2.625,6072563.9,1488823.13,1.0
17-10-27_23:54:28,199.0,3.4,0.0,54.275,2.625,6072563.9,373622.495,1.0
17-10-27_23:57:19,199.0,4.4,0.0,0.2,0.2,1177.22,3068.29,1.0
17-10-27_23:57:19,199.0,2.4,0.0,0.2,0.2,1177.22,3068.29,1.0
17-10-27_23:57:21,199.0,70.5,0.0,0.2,0.2,1177.22,3068.29,1.0
17-10-27_23:57:21,199.0,25.0,0.0,0.2,0.2,1177.22,3068.29,1.0
17-10-27_23:57:27,199.0,4.9,0.0,0.2,0.2,1177.22,3068.29,1.0
17-10-27_23:57:27,199.0,2.9,0.0,0.2,0.2,1177.22,3068.29,1.0
17-10-27_23:57:27,199.0,76.4,0.0,0.2,0.2,1177.22,3068.29,1.0
17-10-27_23:57:27,199.0,28.2,0.0,0.2,0.2,1177.22,3068.29,1.0
17-10-27_23:57:29,199.0,0.0,23.1,2.7,0.6,1177.22,3068.29,1.0
17-10-27_23:57:29,199.0,0.0,2.8,2.7,0.6,1177.22,3068.29,1.0
17-10-27_23:57:29,199.0,0.0,2.8,2.7,0.6,1177.22,3068.29,1.0
17-10-27_23:57:29,199.0,0.0,2.8,2.7,0.6,1177.22,3068.29,1.0
17-10-27_23:57:29,199.0,0.0,23.1,2.7,0.6,1177.22,3068.29,1.0
17-10-27_23:57:29,199.0,0.0,23.1,2.7,0.6,1177.22,3068.29,1.0
17-10-27_23:57:29,199.0,0.0,2.6,2.7,0.6,1177.22,3068.29,1.0
17-10-27_23:57:29,199.0,0.0,2.6,2.7,0.6,1177.22,3068.29,1.0
17-10-27_23:57:29,199.0,0.0,2.6,2.7,0.6,1177.22,3068.29,1.0
17-10-27_23:57:29,199.0,0.0,4200.0,2.7,0.6,1177.22,3068.29,1.0
17-10-27_23:57:29,199.0,0.0,4200.0,2.7,0.6,1177.22,3068.29,1.0
17-10-27_23:57:29,199.0,0.0,4200.0,2.7,0.6,1177.22,3068.29,1.0
17-10-27_23:57:29,199.0,0.0,4200.0,2.7,0.6,1177.22,3068.29,1.0
17-10-27_23:57:29,199.0,0.0,2.8,2.7,0.6,1177.22,3068.29,1.0
17-10-27_23:57:29,199.0,0.0,4200.0,2.7,0.6,1177.22,3068.29,1.0
17-10-27_23:57:29,199.0,0.0,2.8,2.7,0.6,1177.22,3068.29,1.0
17-10-27_23:57:29,199.0,0.0,4200.0,2.7,0.6,1177.22,3068.29,1.0
17-10-27_23:57:29,199.0,0.0,4200.0,2.7,0.6,1177.22,3068.29,1.0
17-10-27_23:57:29,199.0,0.0,4200.0,2.7,0.6,1177.22,3068.29,1.0
17-10-27_23:57:29,199.0,0.0,4300.0,2.7,0.6,1177.22,3068.29,1.0
17-10-27_23:57:29,199.0,0.0,2.8,2.7,0.6,1177.22,3068.29,1.0
17-10-27_23:57:29,199.0,0.0,4300.0,2.7,0.6,1177.22,3068.29,1.0
17-10-27_23:57:29,199.0,0.0,4100.0,2.7,0.6,1177.22,3068.29,1.0
17-10-27_23:57:29,199.0,0.0,4200.0,2.7,0.6,1177.22,3068.29,1.0
17-10-27_23:57:29,199.0,0.0,4100.0,2.7,0.6,1177.22,3068.29,1.0
17-10-27_23:57:29,199.0,0.0,4200.0,2.7,0.6,1177.22,3068.29,1.0
17-10-27_23:57:29,199.0,0.0,4300.0,2.7,0.6,1177.22,3068.29,1.0
17-10-27_23:57:29,199.0,0.0,4300.0,2.7,0.6,1177.22,3068.29,1.0
17-10-27_23:57:29,199.0,0.0,4.0,2.7,0.6,1177.22,3068.29,1.0
17-10-27_23:57:29,199.0,0.0,4000.0,2.7,0.6,1177.22,3068.29,1.0
17-10-27_23:57:29,199.0,0.0,1355.9,2.7,0.6,1177.22,3068.29,1.0
17-10-27_23:57:29,199.0,0.0,3000.0,2.7,0.6,1177.22,3068.29,1.0
17-10-27_23:57:29,199.0,0.0,4000.0,2.7,0.6,1177.22,3068.29,1.0
17-10-27_23:57:29,199.0,0.0,4000.0,2.7,0.6,1177.22,3068.29,1.0
17-10-27_23:57:29,199.0,0.0,4000.0,2.7,0.6,1177.22,3068.29,1.0
17-10-27_23:57:29,199.0,0.0,4000.0,2.7,0.6,1177.22,3068.29,1.0
17-10-27_23:57:29,199.0,0.0,4000.0,2.7,0.6,1177.22,3068.29,1.0
17-10-27_23:57:29,199.0,0.0,4000.0,2.7,0.6,1177.22,3068.29,1.0
17-10-27_23:57:29,199.0,0.0,4000.0,2.7,0.6,1177.22,3068.29,1.0
17-10-27_23:57:29,199.0,0.0,4000.0,2.7,0.6,1177.22,3068.29,1.0
17-10-27_23:57:29,199.0,0.0,909.1,2.7,0.6,1177.22,3068.29,1.0
17-10-27_23:57:29,199.0,0.0,164.4,2.7,0.6,1177.22,3068.29,1.0
17-10-27_23:57:29,199.0,0.0,2.6,2.7,0.6,1177.22,3068.29,1.0
17-10-27_23:57:29,199.0,0.0,2.6,2.7,0.6,1177.22,3068.29,1.0
17-10-27_23:57:29,199.0,0.0,2.6,2.7,0.6,1177.22,3068.29,1.0
17-10-27_23:57:29,199.0,0.0,3.3,2.7,0.6,1177.22,3068.29,1.0
17-10-27_23:57:29,199.0,0.0,3.3,2.7,0.6,1177.22,3068.29,1.0
17-10-27_23:57:29,199.0,0.0,3.3,2.7,0.6,1177.22,3068.29,1.0
17-10-27_23:57:29,199.0,0.0,3000.0,2.7,0.6,1177.22,3068.29,1.0
17-10-27_23:57:29,199.0,0.0,3000.0,2.7,0.6,1177.22,3068.29,1.0
17-10-27_23:57:29,199.0,0.0,3.4,2.7,0.6,1177.22,3068.29,1.0
17-10-27_23:57:29,199.0,0.0,3.4,2.7,0.6,1177.22,3068.29,1.0
17-10-27_23:57:29,199.0,0.0,100400.0,2.7,0.6,1177.22,3068.29,1.0
17-10-27_23:57:29,199.0,0.0,4000.0,2.7,0.6,1177.22,3068.29,1.0
17-10-27_23:57:29,199.0,0.0,4000.0,2.7,0.6,1177.22,3068.29,1.0
17-10-27_23:57:29,199.0,0.0,4000.0,2.7,0.6,1177.22,3068.29,1.0
17-10-27_23:57:29,199.0,0.0,4000.0,2.7,0.6,1177.22,3068.29,1.0
17-10-27_23:57:29,199.0,0.0,4000.0,2.7,0.6,1177.22,3068.29,1.0
17-10-27_23:57:29,199.0,0.0,909.1,2.7,0.6,1177.22,3068.29,1.0
17-10-27_23:57:29,199.0,0.0,4000.0,2.7,0.6,1177.22,3068.29,1.0
17-10-27_23:57:29,199.0,0.0,4000.0,2.7,0.6,1177.22,3068.29,1.0
17-10-27_23:57:29,199.0,0.0,4000.0,2.7,0.6,1177.22,3068.29,1.0
17-10-27_23:57:29,199.0,0.0,164.4,2.7,0.6,1177.22,3068.29,1.0
17-10-27_23:57:29,199.0,0.0,4000.0,2.7,0.6,1177.22,3068.29,1.0
17-10-27_23:57:29,199.0,0.0,1355.9,2.7,0.6,1177.22,3068.29,1.0
17-10-27_23:57:29,199.0,0.0,4.0,2.7,0.6,1177.22,3068.29,1.0
17-10-27_23:57:29,199.0,0.0,2.4,2.7,0.6,1177.22,3068.29,1.0
17-10-27_23:57:29,199.0,0.0,2.4,2.7,0.6,1177.22,3068.29,1.0
17-10-27_23:57:29,199.0,0.0,70200.0,2.7,0.6,1177.22,3068.29,1.0
17-10-27_23:57:29,199.0,0.0,3.3,2.7,0.6,1177.22,3068.29,1.0
17-10-27_23:57:29,199.0,0.0,3.3,2.7,0.6,1177.22,3068.29,1.0
17-10-27_23:57:29,199.0,0.0,3.3,2.7,0.6,1177.22,3068.29,1.0
17-10-27_23:57:29,199.0,0.0,3.4,2.7,0.6,1177.22,3068.29,1.0
17-10-27_23:57:29,199.0,0.0,3.4,2.7,0.6,1177.22,3068.29,1.0
17-10-27_23:57:29,199.0,0.0,70200.0,2.7,0.6,1177.22,3068.29,1.0
17-10-27_23:57:29,199.0,0.0,4000.0,2.7,0.6,1177.22,3068.29,1.0
17-10-27_23:57:29,199.0,0.0,4000.0,2.7,0.6,1177.22,3068.29,1.0
17-10-27_23:57:29,199.0,0.0,4000.0,2.7,0.6,1177.22,3068.29,1.0
17-10-27_23:57:29,199.0,0.0,164.4,2.7,0.6,1177.22,3068.29,1.0
17-10-27_23:57:29,199.0,0.0,4000.0,2.7,0.6,1177.22,3068.29,1.0
17-10-27_23:57:29,199.0,0.0,4000.0,2.7,0.6,1177.22,3068.29,1.0
17-10-27_23:57:29,199.0,0.0,4000.0,2.7,0.6,1177.22,3068.29,1.0
17-10-27_23:57:29,199.0,0.0,4000.0,2.7,0.6,1177.22,3068.29,1.0
17-10-27_23:57:29,199.0,0.0,164.4,2.7,0.6,1177.22,3068.29,1.0
17-10-27_23:57:29,199.0,0.0,4000.0,2.7,0.6,1177.22,3068.29,1.0
17-10-27_23:57:29,199.0,0.0,4000.0,2.7,0.6,1177.22,3068.29,1.0
17-10-27_23:57:29,199.0,0.0,909.1,2.7,0.6,1177.22,3068.29,1.0
17-10-27_23:57:29,199.0,0.0,4000.0,2.7,0.6,1177.22,3068.29,1.0
17-10-27_23:57:29,199.0,0.0,4000.0,2.7,0.6,1177.22,3068.29,1.0
17-10-27_23:57:29,199.0,0.0,4000.0,2.7,0.6,1177.22,3068.29,1.0
17-10-27_23:57:29,199.0,0.0,4000.0,2.7,0.6,1177.22,3068.29,1.0
17-10-27_23:57:29,199.0,0.0,4000.0,2.7,0.6,1177.22,3068.29,1.0
17-10-27_23:57:29,199.0,0.0,4000.0,2.7,0.6,1177.22,3068.29,1.0
17-10-27_23:57:29,199.0,0.0,4000.0,2.7,0.6,1177.22,3068.29,1.0
17-10-27_23:57:29,199.0,0.0,909.1,2.7,0.6,1177.22,3068.29,1.0
17-10-27_23:57:29,199.0,0.0,4.0,2.7,0.6,1177.22,3068.29,1.0
17-10-27_23:57:29,199.0,0.0,4000.0,2.7,0.6,1177.22,3068.29,1.0
17-10-27_23:57:29,199.0,0.0,1355.9,2.7,0.6,1177.22,3068.29,1.0
17-10-27_23:57:29,199.0,0.0,3000.0,2.7,0.6,1177.22,3068.29,1.0
17-10-27_23:57:29,199.0,0.0,4.0,2.7,0.6,1177.22,3068.29,1.0
17-10-27_23:57:29,199.0,0.0,4000.0,2.7,0.6,1177.22,3068.29,1.0
17-10-27_23:57:29,199.0,0.0,3000.0,2.7,0.6,1177.22,3068.29,1.0
17-10-27_23:57:29,199.0,0.0,3000.0,2.7,0.6,1177.22,3068.29,1.0
17-10-27_23:57:29,199.0,0.0,1355.9,2.7,0.6,1177.22,3068.29,1.0
17-10-27_23:57:29,199.0,0.0,25.0,2.7,0.6,1177.22,3068.29,1.0
17-10-27_23:57:29,199.0,0.0,25.0,2.7,0.6,1177.22,3068.29,1.0
17-10-27_23:57:29,199.0,0.0,25.0,2.7,0.6,1177.22,3068.29,1.0
17-10-27_23:57:29,199.0,0.0,25.0,2.7,0.6,1177.22,3068.29,1.0
17-10-27_23:57:29,199.0,0.0,2.4,2.7,0.6,1177.22,3068.29,1.0
17-10-27_23:57:29,199.0,0.0,2.4,2.7,0.6,1177.22,3068.29,1.0
17-10-27_23:57:29,199.0,0.0,2.9,2.7,0.6,1177.22,3068.29,1.0
17-10-27_23:57:29,199.0,0.0,2.9,2.7,0.6,1177.22,3068.29,1.0
17-10-27_23:57:29,199.0,0.0,2.9,2.7,0.6,1177.22,3068.29,1.0
17-10-27_23:57:29,199.0,0.0,28.2,2.7,0.6,1177.22,3068.29,1.0
17-10-27_23:57:29,199.0,0.0,28.2,2.7,0.6,1177.22,3068.29,1.0
17-10-28_00:02:31,22.0,238.5,0.0,2.1,0.4,808.66,2134.72,1.0
17-10-28_00:02:31,22.0,23.1,0.0,2.1,0.4,808.66,2134.72,1.0
17-10-28_00:02:31,22.0,4.9,0.0,2.1,0.4,808.66,2134.72,1.0
17-10-28_00:02:31,22.0,2.8,0.0,2.1,0.4,808.66,2134.72,1.0
17-10-28_00:02:41,22.0,4.8,0.0,58.7,2.9,808.66,2134.72,1.0
17-10-28_00:02:41,22.0,2.6,0.0,58.7,2.9,808.66,2134.72,1.0
17-10-28_00:02:44,22.0,3.9,0.0,58.7,2.9,808.66,2134.72,1.0
17-10-28_00:02:44,22.0,3.9,0.0,58.7,2.9,808.66,2134.72,1.0
17-10-28_00:02:44,22.0,3.9,0.0,58.7,2.9,808.66,2134.72,1.0
17-10-28_00:02:44,22.0,3.9,0.0,58.7,2.9,808.66,2134.72,1.0
17-10-28_00:02:44,22.0,3.9,0.0,58.7,2.9,808.66,2134.72,1.0
17-10-28_00:02:44,22.0,3.9,0.0,58.7,2.9,808.66,2134.72,1.0
17-10-28_00:02:44,22.0,3.9,0.0,58.7,2.9,808.66,2134.72,1.0
17-10-28_00:02:44,22.0,3.9,0.0,58.7,2.9,808.66,2134.72,1.0
17-10-28_00:02:44,22.0,3.9,0.0,58.7,2.9,808.66,2134.72,1.0
17-10-28_00:02:44,22.0,3.9,0.0,58.7,2.9,808.66,2134.72,1.0
17-10-28_00:02:44,22.0,3.9,0.0,58.7,2.9,808.66,2134.72,1.0
17-10-28_00:02:44,22.0,3.9,0.0,58.7,2.9,808.66,2134.72,1.0
17-10-28_00:02:44,22.0,3.9,0.0,58.7,2.9,808.66,2134.72,1.0
17-10-28_00:02:44,22.0,3.9,0.0,58.7,2.9,808.66,2134.72,1.0
17-10-28_00:02:44,22.0,3.9,0.0,58.7,2.9,808.66,2134.72,1.0
17-10-28_00:02:44,22.0,3.9,0.0,58.7,2.9,808.66,2134.72,1.0
17-10-28_00:02:44,22.0,4.0,0.0,58.7,2.9,808.66,2134.72,1.0
17-10-28_00:02:44,22.0,4.0,0.0,58.7,2.9,808.66,2134.72,1.0
17-10-28_00:02:44,22.0,4.0,0.0,58.7,2.9,808.66,2134.72,1.0
17-10-28_00:02:44,22.0,4.0,0.0,58.7,2.9,808.66,2134.72,1.0
17-10-28_00:02:44,22.0,4.0,0.0,58.7,2.9,808.66,2134.72,1.0
17-10-28_00:02:44,22.0,4.0,0.0,58.7,2.9,808.66,2134.72,1.0
17-10-28_00:02:44,22.0,4.0,0.0,58.7,2.9,808.66,2134.72,1.0
17-10-28_00:02:44,22.0,4.0,0.0,58.7,2.9,808.66,2134.72,1.0
17-10-28_00:02:44,22.0,4.0,0.0,58.7,2.9,808.66,2134.72,1.0
17-10-28_00:02:44,22.0,4.0,0.0,58.7,2.9,808.66,2134.72,1.0
17-10-28_00:02:44,22.0,4.0,0.0,58.7,2.9,808.66,2134.72,1.0
17-10-28_00:02:44,22.0,4.0,0.0,58.7,2.9,808.66,2134.72,1.0
17-10-28_00:02:44,22.0,4.0,0.0,58.7,2.9,808.66,2134.72,1.0
17-10-28_00:02:44,22.0,4.0,0.0,58.7,2.9,808.66,2134.72,1.0
17-10-28_00:02:44,22.0,4.0,0.0,58.7,2.9,808.66,2134.72,1.0
17-10-28_00:02:44,22.0,4.0,0.0,58.7,2.9,808.66,2134.72,1.0
17-10-28_00:02:44,22.0,38000.0,0.0,58.7,2.9,808.66,2134.72,1.0
17-10-28_00:02:44,22.0,38000.0,0.0,58.7,2.9,808.66,2134.72,1.0
17-10-28_00:02:44,22.0,38000.0,0.0,58.7,2.9,808.66,2134.72,1.0
17-10-28_00:02:44,22.0,38000.0,0.0,58.7,2.9,808.66,2134.72,1.0
17-10-28_00:02:44,22.0,38000.0,0.0,58.7,2.9,808.66,2134.72,1.0
17-10-28_00:02:44,22.0,38000.0,0.0,58.7,2.9,808.66,2134.72,1.0
17-10-28_00:02:44,22.0,38000.0,0.0,58.7,2.9,808.66,2134.72,1.0
17-10-28_00:02:44,22.0,38000.0,0.0,58.7,2.9,808.66,2134.72,1.0
17-10-28_00:02:44,22.0,38000.0,0.0,58.7,2.9,808.66,2134.72,1.0
17-10-28_00:02:44,22.0,38000.0,0.0,58.7,2.9,808.66,2134.72,1.0
17-10-28_00:02:44,22.0,38000.0,0.0,58.7,2.9,808.66,2134.72,1.0
17-10-28_00:02:44,22.0,38000.0,0.0,58.7,2.9,808.66,2134.72,1.0
17-10-28_00:02:44,22.0,38000.0,0.0,58.7,2.9,808.66,2134.72,1.0
17-10-28_00:02:44,22.0,38000.0,0.0,58.7,2.9,808.66,2134.72,1.0
17-10-28_00:02:44,22.0,38000.0,0.0,58.7,2.9,808.66,2134.72,1.0
17-10-28_00:02:44,22.0,38000.0,0.0,58.7,2.9,808.66,2134.72,1.0
17-10-28_00:02:44,22.0,4000.0,0.0,58.7,2.9,808.66,2134.72,1.0
17-10-28_00:02:44,22.0,4000.0,0.0,58.7,2.9,808.66,2134.72,1.0
17-10-28_00:02:44,22.0,4000.0,0.0,58.7,2.9,808.66,2134.72,1.0
17-10-28_00:02:44,22.0,4000.0,0.0,58.7,2.9,808.66,2134.72,1.0
17-10-28_00:02:44,22.0,4000.0,0.0,58.7,2.9,808.66,2134.72,1.0
17-10-28_00:02:44,22.0,4000.0,0.0,58.7,2.9,808.66,2134.72,1.0
17-10-28_00:02:44,22.0,4000.0,0.0,58.7,2.9,808.66,2134.72,1.0
17-10-28_00:02:44,22.0,4000.0,0.0,58.7,2.9,808.66,2134.72,1.0
17-10-28_00:02:44,22.0,4000.0,0.0,58.7,2.9,808.66,2134.72,1.0
17-10-28_00:02:44,22.0,4000.0,0.0,58.7,2.9,808.66,2134.72,1.0
17-10-28_00:02:44,22.0,4000.0,0.0,58.7,2.9,808.66,2134.72,1.0
17-10-28_00:02:44,22.0,4000.0,0.0,58.7,2.9,808.66,2134.72,1.0
17-10-28_00:02:44,22.0,4000.0,0.0,58.7,2.9,808.66,2134.72,1.0
17-10-28_00:02:44,22.0,4000.0,0.0,58.7,2.9,808.66,2134.72,1.0
17-10-28_00:02:44,22.0,4000.0,0.0,58.7,2.9,808.66,2134.72,1.0
17-10-28_00:02:44,22.0,4000.0,0.0,58.7,2.9,808.66,2134.72,1.0
17-10-28_00:02:44,22.0,1355.9,0.0,58.7,2.9,808.66,2134.72,1.0
17-10-28_00:02:44,22.0,1355.9,0.0,58.7,2.9,808.66,2134.72,1.0
17-10-28_00:02:44,22.0,1355.9,0.0,58.7,2.9,808.66,2134.72,1.0
17-10-28_00:02:44,22.0,1355.9,0.0,58.7,2.9,808.66,2134.72,1.0
17-10-28_00:02:44,22.0,1355.9,0.0,58.7,2.9,808.66,2134.72,1.0
17-10-28_00:02:44,22.0,1355.9,0.0,58.7,2.9,808.66,2134.72,1.0
17-10-28_00:02:44,22.0,1355.9,0.0,58.7,2.9,808.66,2134.72,1.0
17-10-28_00:02:44,22.0,1355.9,0.0,58.7,2.9,808.66,2134.72,1.0
17-10-28_00:02:44,22.0,1355.9,0.0,58.7,2.9,808.66,2134.72,1.0
17-10-28_00:02:44,22.0,1355.9,0.0,58.7,2.9,808.66,2134.72,1.0
17-10-28_00:02:44,22.0,1355.9,0.0,58.7,2.9,808.66,2134.72,1.0
17-10-28_00:02:44,22.0,1355.9,0.0,58.7,2.9,808.66,2134.72,1.0
17-10-28_00:02:44,22.0,1355.9,0.0,58.7,2.9,808.66,2134.72,1.0
17-10-28_00:02:44,22.0,1355.9,0.0,58.7,2.9,808.66,2134.72,1.0
17-10-28_00:02:44,22.0,1355.9,0.0,58.7,2.9,808.66,2134.72,1.0
17-10-28_00:02:44,22.0,1355.9,0.0,58.7,2.9,808.66,2134.72,1.0
17-10-28_00:02:44,22.0,9500.0,0.0,58.7,2.9,808.66,2134.72,1.0
17-10-28_00:02:44,22.0,9500.0,0.0,58.7,2.9,808.66,2134.72,1.0
17-10-28_00:02:44,22.0,9500.0,0.0,58.7,2.9,808.66,2134.72,1.0
17-10-28_00:02:44,22.0,9500.0,0.0,58.7,2.9,808.66,2134.72,1.0
17-10-28_00:02:44,22.0,9500.0,0.0,58.7,2.9,808.66,2134.72,1.0
17-10-28_00:02:44,22.0,9500.0,0.0,58.7,2.9,808.66,2134.72,1.0
17-10-28_00:02:44,22.0,9500.0,0.0,58.7,2.9,808.66,2134.72,1.0
17-10-28_00:02:44,22.0,9500.0,0.0,58.7,2.9,808.66,2134.72,1.0
17-10-28_00:02:44,22.0,9500.0,0.0,58.7,2.9,808.66,2134.72,1.0
17-10-28_00:02:44,22.0,9500.0,0.0,58.7,2.9,808.66,2134.72,1.0
17-10-28_00:02:44,22.0,9500.0,0.0,58.7,2.9,808.66,2134.72,1.0
17-10-28_00:02:44,22.0,9500.0,0.0,58.7,2.9,808.66,2134.72,1.0
17-10-28_00:02:44,22.0,9500.0,0.0,58.7,2.9,808.66,2134.72,1.0
17-10-28_00:02:44,22.0,9500.0,0.0,58.7,2.9,808.66,2134.72,1.0
17-10-28_00:02:44,22.0,9500.0,0.0,58.7,2.9,808.66,2134.72,1.0
17-10-28_00:02:44,22.0,9500.0,0.0,58.7,2.9,808.66,2134.72,1.0
17-10-28_00:02:45,22.0,3000.0,0.0,58.7,2.9,808.66,2134.72,1.0
17-10-28_00:02:45,22.0,32900.0,0.0,58.7,2.9,808.66,2134.72,1.0
17-10-28_00:02:45,22.0,4000.0,0.0,58.7,2.9,808.66,2134.72,1.0
17-10-28_00:02:45,22.0,4000.0,0.0,58.7,2.9,808.66,2134.72,1.0
17-10-28_00:02:45,22.0,4000.0,0.0,58.7,2.9,808.66,2134.72,1.0
17-10-28_00:02:45,22.0,4000.0,0.0,58.7,2.9,808.66,2134.72,1.0
17-10-28_00:02:45,22.0,4000.0,0.0,58.7,2.9,808.66,2134.72,1.0
17-10-28_00:02:45,22.0,4000.0,0.0,58.7,2.9,808.66,2134.72,1.0
17-10-28_00:02:45,22.0,4000.0,0.0,58.7,2.9,808.66,2134.72,1.0
17-10-28_00:02:45,22.0,4000.0,0.0,58.7,2.9,808.66,2134.72,1.0
17-10-28_00:02:45,22.0,909.1,0.0,58.7,2.9,808.66,2134.72,1.0
17-10-28_00:02:45,22.0,32900.0,0.0,58.7,2.9,808.66,2134.72,1.0
17-10-28_00:02:45,22.0,164.4,0.0,58.7,2.9,808.66,2134.72,1.0
17-10-28_00:02:45,22.0,6.0,0.0,58.7,2.9,808.66,2134.72,1.0
17-10-28_00:02:45,22.0,3.3,0.0,58.7,2.9,808.66,2134.72,1.0
17-10-28_00:02:48,22.0,6.3,0.0,58.7,2.9,808.66,2134.72,1.0
17-10-28_00:02:48,22.0,6.3,0.0,58.7,2.9,808.66,2134.72,1.0
17-10-28_00:02:48,22.0,6.3,0.0,58.7,2.9,808.66,2134.72,1.0
17-10-28_00:02:48,22.0,6.3,0.0,58.7,2.9,808.66,2134.72,1.0
17-10-28_00:02:48,22.0,6.3,0.0,58.7,2.9,808.66,2134.72,1.0
17-10-28_00:02:48,22.0,6.3,0.0,58.7,2.9,808.66,2134.72,1.0
17-10-28_00:02:48,22.0,6.3,0.0,58.7,2.9,808.66,2134.72,1.0
17-10-28_00:02:48,22.0,6.3,0.0,58.7,2.9,808.66,2134.72,1.0
17-10-28_00:02:48,22.0,6.3,0.0,58.7,2.9,808.66,2134.72,1.0
17-10-28_00:02:48,22.0,6.3,0.0,58.7,2.9,808.66,2134.72,1.0
17-10-28_00:02:48,22.0,6.3,0.0,58.7,2.9,808.66,2134.72,1.0
17-10-28_00:02:48,22.0,6.3,0.0,58.7,2.9,808.66,2134.72,1.0
17-10-28_00:02:48,22.0,6.3,0.0,58.7,2.9,808.66,2134.72,1.0
17-10-28_00:02:48,22.0,6.3,0.0,58.7,2.9,808.66,2134.72,1.0
17-10-28_00:02:48,22.0,6.3,0.0,58.7,2.9,808.66,2134.72,1.0
17-10-28_00:02:48,22.0,6.3,0.0,58.7,2.9,808.66,2134.72,1.0
17-10-28_00:02:48,22.0,3.4,0.0,58.7,2.9,808.66,2134.72,1.0
17-10-28_00:02:48,22.0,3.4,0.0,58.7,2.9,808.66,2134.72,1.0
17-10-28_00:02:48,22.0,3.4,0.0,58.7,2.9,808.66,2134.72,1.0
17-10-28_00:02:48,22.0,3.4,0.0,58.7,2.9,808.66,2134.72,1.0
17-10-28_00:02:48,22.0,3.4,0.0,58.7,2.9,808.66,2134.72,1.0
17-10-28_00:02:48,22.0,3.4,0.0,58.7,2.9,808.66,2134.72,1.0
17-10-28_00:02:48,22.0,3.4,0.0,58.7,2.9,808.66,2134.72,1.0
17-10-28_00:02:48,22.0,3.4,0.0,58.7,2.9,808.66,2134.72,1.0
17-10-28_00:02:48,22.0,3.4,0.0,58.7,2.9,808.66,2134.72,1.0
17-10-28_00:02:48,22.0,3.4,0.0,58.7,2.9,808.66,2134.72,1.0
17-10-28_00:02:48,22.0,3.4,0.0,58.7,2.9,808.66,2134.72,1.0
17-10-28_00:02:48,22.0,3.4,0.0,58.7,2.9,808.66,2134.72,1.0
17-10-28_00:02:48,22.0,3.4,0.0,58.7,2.9,808.66,2134.72,1.0
17-10-28_00:02:48,22.0,3.4,0.0,58.7,2.9,808.66,2134.72,1.0
17-10-28_00:02:48,22.0,3.4,0.0,58.7,2.9,808.66,2134.72,1.0
17-10-28_00:02:48,22.0,3.4,0.0,58.7,2.9,808.66,2134.72,1.0
17-10-28_00:02:48,22.0,0.0,23.1,58.7,2.9,808.66,2134.72,1.0
17-10-28_00:02:48,22.0,0.0,23.1,58.7,2.9,808.66,2134.72,1.0
17-10-28_00:02:48,22.0,0.0,23.1,58.7,2.9,808.66,2134.72,1.0
17-10-28_00:02:48,22.0,0.0,23.1,58.7,2.9,808.66,2134.72,1.0
17-10-28_00:02:48,22.0,0.0,23.1,58.7,2.9,808.66,2134.72,1.0
17-10-28_00:02:48,22.0,0.0,23.1,58.7,2.9,808.66,2134.72,1.0
17-10-28_00:02:48,22.0,0.0,23.1,58.7,2.9,808.66,2134.72,1.0
17-10-28_00:02:48,22.0,0.0,23.1,58.7,2.9,808.66,2134.72,1.0
17-10-28_00:02:48,22.0,0.0,23.1,58.7,2.9,808.66,2134.72,1.0
17-10-28_00:02:48,22.0,0.0,23.1,58.7,2.9,808.66,2134.72,1.0
17-10-28_00:02:48,22.0,0.0,23.1,58.7,2.9,808.66,2134.72,1.0
17-10-28_00:02:48,22.0,0.0,23.1,58.7,2.9,808.66,2134.72,1.0
17-10-28_00:02:48,22.0,0.0,23.1,58.7,2.9,808.66,2134.72,1.0
17-10-28_00:02:48,22.0,0.0,23.1,58.7,2.9,808.66,2134.72,1.0
17-10-28_00:02:48,22.0,0.0,23.1,58.7,2.9,808.66,2134.72,1.0
17-10-28_00:02:48,22.0,0.0,23.1,58.7,2.9,808.66,2134.72,1.0
17-10-28_00:02:48,22.0,0.0,2.8,58.7,2.9,808.66,2134.72,1.0
17-10-28_00:02:48,22.0,0.0,2.8,58.7,2.9,808.66,2134.72,1.0
17-10-28_00:02:48,22.0,0.0,2.8,58.7,2.9,808.66,2134.72,1.0
17-10-28_00:02:48,22.0,0.0,2.8,58.7,2.9,808.66,2134.72,1.0
17-10-28_00:02:48,22.0,0.0,2.8,58.7,2.9,808.66,2134.72,1.0
17-10-28_00:02:48,22.0,0.0,2.8,58.7,2.9,808.66,2134.72,1.0
17-10-28_00:02:48,22.0,0.0,2.8,58.7,2.9,808.66,2134.72,1.0
17-10-28_00:02:48,22.0,0.0,2.8,58.7,2.9,808.66,2134.72,1.0
17-10-28_00:02:48,22.0,0.0,2.8,58.7,2.9,808.66,2134.72,1.0
17-10-28_00:02:48,22.0,0.0,2.8,58.7,2.9,808.66,2134.72,1.0
17-10-28_00:02:48,22.0,0.0,2.8,58.7,2.9,808.66,2134.72,1.0
17-10-28_00:02:48,22.0,0.0,2.8,58.7,2.9,808.66,2134.72,1.0
17-10-28_00:02:48,22.0,0.0,2.8,58.7,2.9,808.66,2134.72,1.0
17-10-28_00:02:48,22.0,0.0,2.8,58.7,2.9,808.66,2134.72,1.0
17-10-28_00:02:48,22.0,0.0,2.8,58.7,2.9,808.66,2134.72,1.0
17-10-28_00:02:48,22.0,0.0,2.8,58.7,2.9,808.66,2134.72,1.0
17-10-28_00:02:48,22.0,0.0,2.8,58.7,2.9,808.66,2134.72,1.0
17-10-28_00:02:48,22.0,0.0,2.8,58.7,2.9,808.66,2134.72,1.0
17-10-28_00:02:48,22.0,0.0,2.8,58.7,2.9,808.66,2134.72,1.0
17-10-28_00:02:48,22.0,0.0,2.8,58.7,2.9,808.66,2134.72,1.0
17-10-28_00:02:48,22.0,0.0,2.8,58.7,2.9,808.66,2134.72,1.0
17-10-28_00:02:48,22.0,0.0,2.8,58.7,2.9,808.66,2134.72,1.0
17-10-28_00:02:48,22.0,0.0,2.8,58.7,2.9,808.66,2134.72,1.0
17-10-28_00:02:48,22.0,0.0,2.8,58.7,2.9,808.66,2134.72,1.0
17-10-28_00:02:48,22.0,0.0,2.8,58.7,2.9,808.66,2134.72,1.0
17-10-28_00:02:48,22.0,0.0,2.8,58.7,2.9,808.66,2134.72,1.0
17-10-28_00:02:48,22.0,0.0,2.8,58.7,2.9,808.66,2134.72,1.0
17-10-28_00:02:48,22.0,0.0,2.8,58.7,2.9,808.66,2134.72,1.0
17-10-28_00:02:48,22.0,0.0,2.8,58.7,2.9,808.66,2134.72,1.0
17-10-28_00:02:48,22.0,0.0,2.8,58.7,2.9,808.66,2134.72,1.0
17-10-28_00:02:48,22.0,0.0,2.8,58.7,2.9,808.66,2134.72,1.0
17-10-28_00:02:48,22.0,0.0,2.8,58.7,2.9,808.66,2134.72,1.0
17-10-28_00:02:48,22.0,0.0,2.8,58.7,2.9,808.66,2134.72,1.0
17-10-28_00:02:48,22.0,0.0,2.8,58.7,2.9,808.66,2134.72,1.0
17-10-28_00:02:48,22.0,0.0,2.8,58.7,2.9,808.66,2134.72,1.0
17-10-28_00:02:48,22.0,0.0,2.8,58.7,2.9,808.66,2134.72,1.0
17-10-28_00:02:48,22.0,0.0,2.8,58.7,2.9,808.66,2134.72,1.0
17-10-28_00:02:48,22.0,0.0,2.8,58.7,2.9,808.66,2134.72,1.0
17-10-28_00:02:48,22.0,0.0,2.8,58.7,2.9,808.66,2134.72,1.0
17-10-28_00:02:48,22.0,0.0,2.8,58.7,2.9,808.66,2134.72,1.0
17-10-28_00:02:48,22.0,0.0,2.8,58.7,2.9,808.66,2134.72,1.0
17-10-28_00:02:48,22.0,0.0,2.8,58.7,2.9,808.66,2134.72,1.0
17-10-28_00:02:48,22.0,0.0,2.8,58.7,2.9,808.66,2134.72,1.0
17-10-28_00:02:48,22.0,0.0,2.8,58.7,2.9,808.66,2134.72,1.0
17-10-28_00:02:48,22.0,0.0,2.8,58.7,2.9,808.66,2134.72,1.0
17-10-28_00:02:48,22.0,0.0,2.8,58.7,2.9,808.66,2134.72,1.0
17-10-28_00:02:48,22.0,0.0,2.8,58.7,2.9,808.66,2134.72,1.0
17-10-28_00:02:48,22.0,0.0,2.8,58.7,2.9,808.66,2134.72,1.0
17-10-28_00:02:48,22.0,0.0,23.1,58.7,2.9,808.66,2134.72,1.0
17-10-28_00:02:48,22.0,0.0,23.1,58.7,2.9,808.66,2134.72,1.0
17-10-28_00:02:48,22.0,0.0,23.1,58.7,2.9,808.66,2134.72,1.0
17-10-28_00:02:48,22.0,0.0,23.1,58.7,2.9,808.66,2134.72,1.0
17-10-28_00:02:48,22.0,0.0,23.1,58.7,2.9,808.66,2134.72,1.0
17-10-28_00:02:48,22.0,0.0,23.1,58.7,2.9,808.66,2134.72,1.0
17-10-28_00:02:48,22.0,0.0,23.1,58.7,2.9,808.66,2134.72,1.0
17-10-28_00:02:48,22.0,0.0,23.1,58.7,2.9,808.66,2134.72,1.0
17-10-28_00:02:48,22.0,0.0,23.1,58.7,2.9,808.66,2134.72,1.0
17-10-28_00:02:48,22.0,0.0,23.1,58.7,2.9,808.66,2134.72,1.0
17-10-28_00:02:48,22.0,0.0,23.1,58.7,2.9,808.66,2134.72,1.0
17-10-28_00:02:48,22.0,0.0,23.1,58.7,2.9,808.66,2134.72,1.0
17-10-28_00:02:48,22.0,0.0,23.1,58.7,2.9,808.66,2134.72,1.0
17-10-28_00:02:48,22.0,0.0,23.1,58.7,2.9,808.66,2134.72,1.0
17-10-28_00:02:48,22.0,0.0,23.1,58.7,2.9,808.66,2134.72,1.0
17-10-28_00:02:48,22.0,0.0,23.1,58.7,2.9,808.66,2134.72,1.0
17-10-28_00:02:48,22.0,0.0,23.1,58.7,2.9,808.66,2134.72,1.0
17-10-28_00:02:48,22.0,0.0,23.1,58.7,2.9,808.66,2134.72,1.0
17-10-28_00:02:48,22.0,0.0,23.1,58.7,2.9,808.66,2134.72,1.0
17-10-28_00:02:48,22.0,0.0,23.1,58.7,2.9,808.66,2134.72,1.0
17-10-28_00:02:48,22.0,0.0,23.1,58.7,2.9,808.66,2134.72,1.0
17-10-28_00:02:48,22.0,0.0,23.1,58.7,2.9,808.66,2134.72,1.0
17-10-28_00:02:48,22.0,0.0,23.1,58.7,2.9,808.66,2134.72,1.0
17-10-28_00:02:48,22.0,0.0,23.1,58.7,2.9,808.66,2134.72,1.0
17-10-28_00:02:48,22.0,0.0,23.1,58.7,2.9,808.66,2134.72,1.0
17-10-28_00:02:48,22.0,0.0,23.1,58.7,2.9,808.66,2134.72,1.0
17-10-28_00:02:48,22.0,0.0,23.1,58.7,2.9,808.66,2134.72,1.0
17-10-28_00:02:48,22.0,0.0,23.1,58.7,2.9,808.66,2134.72,1.0
17-10-28_00:02:48,22.0,0.0,23.1,58.7,2.9,808.66,2134.72,1.0
17-10-28_00:02:48,22.0,0.0,23.1,58.7,2.9,808.66,2134.72,1.0
17-10-28_00:02:48,22.0,0.0,23.1,58.7,2.9,808.66,2134.72,1.0
17-10-28_00:02:48,22.0,0.0,23.1,58.7,2.9,808.66,2134.72,1.0
17-10-28_00:02:48,22.0,0.0,2.6,58.7,2.9,808.66,2134.72,1.0
17-10-28_00:02:48,22.0,0.0,2.6,58.7,2.9,808.66,2134.72,1.0
17-10-28_00:02:48,22.0,0.0,2.6,58.7,2.9,808.66,2134.72,1.0
17-10-28_00:02:48,22.0,0.0,2.6,58.7,2.9,808.66,2134.72,1.0
17-10-28_00:02:48,22.0,0.0,2.6,58.7,2.9,808.66,2134.72,1.0
17-10-28_00:02:48,22.0,0.0,2.6,58.7,2.9,808.66,2134.72,1.0
17-10-28_00:02:48,22.0,0.0,2.6,58.7,2.9,808.66,2134.72,1.0
17-10-28_00:02:48,22.0,0.0,2.6,58.7,2.9,808.66,2134.72,1.0
17-10-28_00:02:48,22.0,0.0,2.6,58.7,2.9,808.66,2134.72,1.0
17-10-28_00:02:48,22.0,0.0,2.6,58.7,2.9,808.66,2134.72,1.0
17-10-28_00:02:48,22.0,0.0,2.6,58.7,2.9,808.66,2134.72,1.0
17-10-28_00:02:48,22.0,0.0,2.6,58.7,2.9,808.66,2134.72,1.0
17-10-28_00:02:48,22.0,0.0,2.6,58.7,2.9,808.66,2134.72,1.0
17-10-28_00:02:48,22.0,0.0,2.6,58.7,2.9,808.66,2134.72,1.0
17-10-28_00:02:48,22.0,0.0,2.6,58.7,2.9,808.66,2134.72,1.0
17-10-28_00:02:48,22.0,0.0,2.6,58.7,2.9,808.66,2134.72,1.0
17-10-28_00:02:48,22.0,0.0,2.6,58.7,2.9,808.66,2134.72,1.0
17-10-28_00:02:48,22.0,0.0,2.6,58.7,2.9,808.66,2134.72,1.0
17-10-28_00:02:48,22.0,0.0,2.6,58.7,2.9,808.66,2134.72,1.0
17-10-28_00:02:48,22.0,0.0,2.6,58.7,2.9,808.66,2134.72,1.0
17-10-28_00:02:48,22.0,0.0,2.6,58.7,2.9,808.66,2134.72,1.0
17-10-28_00:02:48,22.0,0.0,2.6,58.7,2.9,808.66,2134.72,1.0
17-10-28_00:02:48,22.0,0.0,2.6,58.7,2.9,808.66,2134.72,1.0
17-10-28_00:02:48,22.0,0.0,2.6,58.7,2.9,808.66,2134.72,1.0
17-10-28_00:02:48,22.0,0.0,2.6,58.7,2.9,808.66,2134.72,1.0
17-10-28_00:02:48,22.0,0.0,2.6,58.7,2.9,808.66,2134.72,1.0
17-10-28_00:02:48,22.0,0.0,2.6,58.7,2.9,808.66,2134.72,1.0
17-10-28_00:02:48,22.0,0.0,2.6,58.7,2.9,808.66,2134.72,1.0
17-10-28_00:02:48,22.0,0.0,2.6,58.7,2.9,808.66,2134.72,1.0
17-10-28_00:02:48,22.0,0.0,2.6,58.7,2.9,808.66,2134.72,1.0
17-10-28_00:02:48,22.0,0.0,2.6,58.7,2.9,808.66,2134.72,1.0
17-10-28_00:02:48,22.0,0.0,2.6,58.7,2.9,808.66,2134.72,1.0
17-10-28_00:02:48,22.0,0.0,2.6,58.7,2.9,808.66,2134.72,1.0
17-10-28_00:02:48,22.0,0.0,2.6,58.7,2.9,808.66,2134.72,1.0
17-10-28_00:02:48,22.0,0.0,2.6,58.7,2.9,808.66,2134.72,1.0
17-10-28_00:02:48,22.0,0.0,2.6,58.7,2.9,808.66,2134.72,1.0
17-10-28_00:02:48,22.0,0.0,2.6,58.7,2.9,808.66,2134.72,1.0
17-10-28_00:02:48,22.0,0.0,2.6,58.7,2.9,808.66,2134.72,1.0
17-10-28_00:02:48,22.0,0.0,2.6,58.7,2.9,808.66,2134.72,1.0
17-10-28_00:02:48,22.0,0.0,2.6,58.7,2.9,808.66,2134.72,1.0
17-10-28_00:02:48,22.0,0.0,2.6,58.7,2.9,808.66,2134.72,1.0
17-10-28_00:02:48,22.0,0.0,2.6,58.7,2.9,808.66,2134.72,1.0
17-10-28_00:02:48,22.0,0.0,2.6,58.7,2.9,808.66,2134.72,1.0
17-10-28_00:02:48,22.0,0.0,2.6,58.7,2.9,808.66,2134.72,1.0
17-10-28_00:02:48,22.0,0.0,2.6,58.7,2.9,808.66,2134.72,1.0
17-10-28_00:02:48,22.0,0.0,2.6,58.7,2.9,808.66,2134.72,1.0
17-10-28_00:02:48,22.0,0.0,2.6,58.7,2.9,808.66,2134.72,1.0
17-10-28_00:02:48,22.0,0.0,2.6,58.7,2.9,808.66,2134.72,1.0
17-10-28_00:02:48,22.0,0.0,4200.0,58.7,2.9,808.66,2134.72,1.0
17-10-28_00:02:48,22.0,0.0,4200.0,58.7,2.9,808.66,2134.72,1.0
17-10-28_00:02:48,22.0,0.0,4200.0,58.7,2.9,808.66,2134.72,1.0
17-10-28_00:02:48,22.0,0.0,4200.0,58.7,2.9,808.66,2134.72,1.0
17-10-28_00:02:48,22.0,0.0,4200.0,58.7,2.9,808.66,2134.72,1.0
17-10-28_00:02:48,22.0,0.0,4200.0,58.7,2.9,808.66,2134.72,1.0
17-10-28_00:02:48,22.0,0.0,4200.0,58.7,2.9,808.66,2134.72,1.0
17-10-28_00:02:48,22.0,0.0,4200.0,58.7,2.9,808.66,2134.72,1.0
17-10-28_00:02:48,22.0,0.0,4200.0,58.7,2.9,808.66,2134.72,1.0
17-10-28_00:02:48,22.0,0.0,4200.0,58.7,2.9,808.66,2134.72,1.0
17-10-28_00:02:48,22.0,0.0,4200.0,58.7,2.9,808.66,2134.72,1.0
17-10-28_00:02:48,22.0,0.0,4200.0,58.7,2.9,808.66,2134.72,1.0
17-10-28_00:02:48,22.0,0.0,4200.0,58.7,2.9,808.66,2134.72,1.0
17-10-28_00:02:48,22.0,0.0,4200.0,58.7,2.9,808.66,2134.72,1.0
17-10-28_00:02:48,22.0,0.0,4200.0,58.7,2.9,808.66,2134.72,1.0
17-10-28_00:02:48,22.0,0.0,4200.0,58.7,2.9,808.66,2134.72,1.0
17-10-28_00:02:48,22.0,0.0,4200.0,58.7,2.9,808.66,2134.72,1.0
17-10-28_00:02:48,22.0,0.0,4200.0,58.7,2.9,808.66,2134.72,1.0
17-10-28_00:02:48,22.0,0.0,4200.0,58.7,2.9,808.66,2134.72,1.0
17-10-28_00:02:48,22.0,0.0,4200.0,58.7,2.9,808.66,2134.72,1.0
17-10-28_00:02:48,22.0,0.0,4200.0,58.7,2.9,808.66,2134.72,1.0
17-10-28_00:02:48,22.0,0.0,4200.0,58.7,2.9,808.66,2134.72,1.0
17-10-28_00:02:48,22.0,0.0,4200.0,58.7,2.9,808.66,2134.72,1.0
17-10-28_00:02:48,22.0,0.0,4200.0,58.7,2.9,808.66,2134.72,1.0
17-10-28_00:02:48,22.0,0.0,4200.0,58.7,2.9,808.66,2134.72,1.0
17-10-28_00:02:48,22.0,0.0,4200.0,58.7,2.9,808.66,2134.72,1.0
17-10-28_00:02:48,22.0,0.0,4200.0,58.7,2.9,808.66,2134.72,1.0
17-10-28_00:02:48,22.0,0.0,4200.0,58.7,2.9,808.66,2134.72,1.0
17-10-28_00:02:48,22.0,0.0,4200.0,58.7,2.9,808.66,2134.72,1.0
17-10-28_00:02:48,22.0,0.0,4200.0,58.7,2.9,808.66,2134.72,1.0
17-10-28_00:02:48,22.0,0.0,4200.0,58.7,2.9,808.66,2134.72,1.0
17-10-28_00:02:48,22.0,0.0,4200.0,58.7,2.9,808.66,2134.72,1.0
17-10-28_00:02:48,22.0,0.0,2.8,58.7,2.9,808.66,2134.72,1.0
17-10-28_00:02:48,22.0,0.0,2.8,58.7,2.9,808.66,2134.72,1.0
17-10-28_00:02:48,22.0,0.0,2.8,58.7,2.9,808.66,2134.72,1.0
17-10-28_00:02:48,22.0,0.0,2.8,58.7,2.9,808.66,2134.72,1.0
17-10-28_00:02:48,22.0,0.0,2.8,58.7,2.9,808.66,2134.72,1.0
17-10-28_00:02:48,22.0,0.0,2.8,58.7,2.9,808.66,2134.72,1.0
17-10-28_00:02:48,22.0,0.0,2.8,58.7,2.9,808.66,2134.72,1.0
17-10-28_00:02:48,22.0,0.0,2.8,58.7,2.9,808.66,2134.72,1.0
17-10-28_00:02:48,22.0,0.0,2.8,58.7,2.9,808.66,2134.72,1.0
17-10-28_00:02:48,22.0,0.0,2.8,58.7,2.9,808.66,2134.72,1.0
17-10-28_00:02:48,22.0,0.0,2.8,58.7,2.9,808.66,2134.72,1.0
17-10-28_00:02:48,22.0,0.0,2.8,58.7,2.9,808.66,2134.72,1.0
17-10-28_00:02:48,22.0,0.0,2.8,58.7,2.9,808.66,2134.72,1.0
17-10-28_00:02:48,22.0,0.0,2.8,58.7,2.9,808.66,2134.72,1.0
17-10-28_00:02:48,22.0,0.0,2.8,58.7,2.9,808.66,2134.72,1.0
17-10-28_00:02:48,22.0,0.0,2.8,58.7,2.9,808.66,2134.72,1.0
17-10-28_00:02:48,22.0,0.0,2.8,58.7,2.9,808.66,2134.72,1.0
17-10-28_00:02:48,22.0,0.0,2.8,58.7,2.9,808.66,2134.72,1.0
17-10-28_00:02:48,22.0,0.0,2.8,58.7,2.9,808.66,2134.72,1.0
17-10-28_00:02:48,22.0,0.0,2.8,58.7,2.9,808.66,2134.72,1.0
17-10-28_00:02:48,22.0,0.0,2.8,58.7,2.9,808.66,2134.72,1.0
17-10-28_00:02:48,22.0,0.0,2.8,58.7,2.9,808.66,2134.72,1.0
17-10-28_00:02:48,22.0,0.0,2.8,58.7,2.9,808.66,2134.72,1.0
17-10-28_00:02:48,22.0,0.0,2.8,58.7,2.9,808.66,2134.72,1.0
17-10-28_00:02:48,22.0,0.0,2.8,58.7,2.9,808.66,2134.72,1.0
17-10-28_00:02:48,22.0,0.0,2.8,58.7,2.9,808.66,2134.72,1.0
17-10-28_00:02:48,22.0,0.0,2.8,58.7,2.9,808.66,2134.72,1.0
17-10-28_00:02:48,22.0,0.0,2.8,58.7,2.9,808.66,2134.72,1.0
17-10-28_00:02:48,22.0,0.0,2.8,58.7,2.9,808.66,2134.72,1.0
17-10-28_00:02:48,22.0,0.0,2.8,58.7,2.9,808.66,2134.72,1.0
17-10-28_00:02:48,22.0,0.0,2.8,58.7,2.9,808.66,2134.72,1.0
17-10-28_00:02:48,22.0,0.0,2.8,58.7,2.9,808.66,2134.72,1.0
17-10-28_00:02:48,22.0,0.0,4200.0,58.7,2.9,808.66,2134.72,1.0
17-10-28_00:02:48,22.0,0.0,4200.0,58.7,2.9,808.66,2134.72,1.0
17-10-28_00:02:48,22.0,0.0,4200.0,58.7,2.9,808.66,2134.72,1.0
17-10-28_00:02:48,22.0,0.0,4200.0,58.7,2.9,808.66,2134.72,1.0
17-10-28_00:02:48,22.0,0.0,4200.0,58.7,2.9,808.66,2134.72,1.0
17-10-28_00:02:48,22.0,0.0,4200.0,58.7,2.9,808.66,2134.72,1.0
17-10-28_00:02:48,22.0,0.0,4200.0,58.7,2.9,808.66,2134.72,1.0
17-10-28_00:02:48,22.0,0.0,4200.0,58.7,2.9,808.66,2134.72,1.0
17-10-28_00:02:48,22.0,0.0,4200.0,58.7,2.9,808.66,2134.72,1.0
17-10-28_00:02:48,22.0,0.0,4200.0,58.7,2.9,808.66,2134.72,1.0
17-10-28_00:02:48,22.0,0.0,4200.0,58.7,2.9,808.66,2134.72,1.0
17-10-28_00:02:48,22.0,0.0,4200.0,58.7,2.9,808.66,2134.72,1.0
17-10-28_00:02:48,22.0,0.0,4200.0,58.7,2.9,808.66,2134.72,1.0
17-10-28_00:02:48,22.0,0.0,4200.0,58.7,2.9,808.66,2134.72,1.0
17-10-28_00:02:48,22.0,0.0,4200.0,58.7,2.9,808.66,2134.72,1.0
17-10-28_00:02:48,22.0,0.0,4200.0,58.7,2.9,808.66,2134.72,1.0
17-10-28_00:02:48,22.0,0.0,4200.0,58.7,2.9,808.66,2134.72,1.0
17-10-28_00:02:48,22.0,0.0,4200.0,58.7,2.9,808.66,2134.72,1.0
17-10-28_00:02:48,22.0,0.0,4200.0,58.7,2.9,808.66,2134.72,1.0
17-10-28_00:02:48,22.0,0.0,4200.0,58.7,2.9,808.66,2134.72,1.0
17-10-28_00:02:48,22.0,0.0,4200.0,58.7,2.9,808.66,2134.72,1.0
17-10-28_00:02:48,22.0,0.0,4200.0,58.7,2.9,808.66,2134.72,1.0
17-10-28_00:02:48,22.0,0.0,4200.0,58.7,2.9,808.66,2134.72,1.0
17-10-28_00:02:48,22.0,0.0,4200.0,58.7,2.9,808.66,2134.72,1.0
17-10-28_00:02:48,22.0,0.0,4200.0,58.7,2.9,808.66,2134.72,1.0
17-10-28_00:02:48,22.0,0.0,4200.0,58.7,2.9,808.66,2134.72,1.0
17-10-28_00:02:48,22.0,0.0,4200.0,58.7,2.9,808.66,2134.72,1.0
17-10-28_00:02:48,22.0,0.0,4200.0,58.7,2.9,808.66,2134.72,1.0
17-10-28_00:02:48,22.0,0.0,4200.0,58.7,2.9,808.66,2134.72,1.0
17-10-28_00:02:48,22.0,0.0,4200.0,58.7,2.9,808.66,2134.72,1.0
17-10-28_00:02:48,22.0,0.0,4200.0,58.7,2.9,808.66,2134.72,1.0
17-10-28_00:02:48,22.0,0.0,4200.0,58.7,2.9,808.66,2134.72,1.0
17-10-28_00:02:48,22.0,0.0,4200.0,58.7,2.9,808.66,2134.72,1.0
17-10-28_00:02:48,22.0,0.0,4200.0,58.7,2.9,808.66,2134.72,1.0
17-10-28_00:02:48,22.0,0.0,4200.0,58.7,2.9,808.66,2134.72,1.0
17-10-28_00:02:48,22.0,0.0,4200.0,58.7,2.9,808.66,2134.72,1.0
17-10-28_00:02:48,22.0,0.0,4200.0,58.7,2.9,808.66,2134.72,1.0
17-10-28_00:02:48,22.0,0.0,4200.0,58.7,2.9,808.66,2134.72,1.0
17-10-28_00:02:48,22.0,0.0,4200.0,58.7,2.9,808.66,2134.72,1.0
17-10-28_00:02:48,22.0,0.0,4200.0,58.7,2.9,808.66,2134.72,1.0
17-10-28_00:02:48,22.0,0.0,4200.0,58.7,2.9,808.66,2134.72,1.0
17-10-28_00:02:48,22.0,0.0,4200.0,58.7,2.9,808.66,2134.72,1.0
17-10-28_00:02:48,22.0,0.0,4200.0,58.7,2.9,808.66,2134.72,1.0
17-10-28_00:02:48,22.0,0.0,4200.0,58.7,2.9,808.66,2134.72,1.0
17-10-28_00:02:48,22.0,0.0,4200.0,58.7,2.9,808.66,2134.72,1.0
17-10-28_00:02:48,22.0,0.0,4200.0,58.7,2.9,808.66,2134.72,1.0
17-10-28_00:02:48,22.0,0.0,4200.0,58.7,2.9,808.66,2134.72,1.0
17-10-28_00:02:48,22.0,0.0,4200.0,58.7,2.9,808.66,2134.72,1.0
17-10-28_00:02:48,22.0,0.0,4200.0,58.7,2.9,808.66,2134.72,1.0
17-10-28_00:02:48,22.0,0.0,4200.0,58.7,2.9,808.66,2134.72,1.0
17-10-28_00:02:48,22.0,0.0,4200.0,58.7,2.9,808.66,2134.72,1.0
17-10-28_00:02:48,22.0,0.0,4200.0,58.7,2.9,808.66,2134.72,1.0
17-10-28_00:02:48,22.0,0.0,4200.0,58.7,2.9,808.66,2134.72,1.0
17-10-28_00:02:48,22.0,0.0,4200.0,58.7,2.9,808.66,2134.72,1.0
17-10-28_00:02:48,22.0,0.0,4200.0,58.7,2.9,808.66,2134.72,1.0
17-10-28_00:02:48,22.0,0.0,4200.0,58.7,2.9,808.66,2134.72,1.0
17-10-28_00:02:48,22.0,0.0,4200.0,58.7,2.9,808.66,2134.72,1.0
17-10-28_00:02:48,22.0,0.0,4200.0,58.7,2.9,808.66,2134.72,1.0
17-10-28_00:02:48,22.0,0.0,4200.0,58.7,2.9,808.66,2134.72,1.0
17-10-28_00:02:48,22.0,0.0,4200.0,58.7,2.9,808.66,2134.72,1.0
17-10-28_00:02:48,22.0,0.0,4200.0,58.7,2.9,808.66,2134.72,1.0
17-10-28_00:02:48,22.0,0.0,4200.0,58.7,2.9,808.66,2134.72,1.0
17-10-28_00:02:48,22.0,0.0,4200.0,58.7,2.9,808.66,2134.72,1.0
17-10-28_00:02:48,22.0,0.0,4200.0,58.7,2.9,808.66,2134.72,1.0
17-10-28_00:02:48,22.0,0.0,4200.0,58.7,2.9,808.66,2134.72,1.0
17-10-28_00:02:48,22.0,0.0,4200.0,58.7,2.9,808.66,2134.72,1.0
17-10-28_00:02:48,22.0,0.0,4200.0,58.7,2.9,808.66,2134.72,1.0
17-10-28_00:02:48,22.0,0.0,4200.0,58.7,2.9,808.66,2134.72,1.0
17-10-28_00:02:48,22.0,0.0,4200.0,58.7,2.9,808.66,2134.72,1.0
17-10-28_00:02:48,22.0,0.0,4200.0,58.7,2.9,808.66,2134.72,1.0
17-10-28_00:02:48,22.0,0.0,4200.0,58.7,2.9,808.66,2134.72,1.0
17-10-28_00:02:48,22.0,0.0,4200.0,58.7,2.9,808.66,2134.72,1.0
17-10-28_00:02:48,22.0,0.0,4200.0,58.7,2.9,808.66,2134.72,1.0
17-10-28_00:02:48,22.0,0.0,4200.0,58.7,2.9,808.66,2134.72,1.0
17-10-28_00:02:48,22.0,0.0,4200.0,58.7,2.9,808.66,2134.72,1.0
17-10-28_00:02:48,22.0,0.0,4200.0,58.7,2.9,808.66,2134.72,1.0
17-10-28_00:02:48,22.0,0.0,4200.0,58.7,2.9,808.66,2134.72,1.0
17-10-28_00:02:48,22.0,0.0,4200.0,58.7,2.9,808.66,2134.72,1.0
17-10-28_00:02:48,22.0,0.0,4200.0,58.7,2.9,808.66,2134.72,1.0
17-10-28_00:02:48,22.0,0.0,4200.0,58.7,2.9,808.66,2134.72,1.0
17-10-28_00:02:48,22.0,0.0,4200.0,58.7,2.9,808.66,2134.72,1.0
17-10-28_00:02:48,22.0,0.0,4200.0,58.7,2.9,808.66,2134.72,1.0
17-10-28_00:02:48,22.0,0.0,4200.0,58.7,2.9,808.66,2134.72,1.0
17-10-28_00:02:48,22.0,0.0,4200.0,58.7,2.9,808.66,2134.72,1.0
17-10-28_00:02:48,22.0,0.0,4200.0,58.7,2.9,808.66,2134.72,1.0
17-10-28_00:02:48,22.0,0.0,4200.0,58.7,2.9,808.66,2134.72,1.0
17-10-28_00:02:48,22.0,0.0,4200.0,58.7,2.9,808.66,2134.72,1.0
17-10-28_00:02:48,22.0,0.0,4200.0,58.7,2.9,808.66,2134.72,1.0
17-10-28_00:02:48,22.0,0.0,4200.0,58.7,2.9,808.66,2134.72,1.0
17-10-28_00:02:48,22.0,0.0,4200.0,58.7,2.9,808.66,2134.72,1.0
17-10-28_00:02:48,22.0,0.0,4200.0,58.7,2.9,808.66,2134.72,1.0
17-10-28_00:02:48,22.0,0.0,4200.0,58.7,2.9,808.66,2134.72,1.0
17-10-28_00:02:48,22.0,0.0,4200.0,58.7,2.9,808.66,2134.72,1.0
17-10-28_00:02:48,22.0,0.0,4200.0,58.7,2.9,808.66,2134.72,1.0
17-10-28_00:02:48,22.0,0.0,4200.0,58.7,2.9,808.66,2134.72,1.0
17-10-28_00:02:48,22.0,0.0,4200.0,58.7,2.9,808.66,2134.72,1.0
17-10-28_00:02:48,22.0,0.0,2.8,58.7,2.9,808.66,2134.72,1.0
17-10-28_00:02:48,22.0,0.0,2.8,58.7,2.9,808.66,2134.72,1.0
17-10-28_00:02:48,22.0,0.0,2.8,58.7,2.9,808.66,2134.72,1.0
17-10-28_00:02:48,22.0,0.0,2.8,58.7,2.9,808.66,2134.72,1.0
17-10-28_00:02:48,22.0,0.0,2.8,58.7,2.9,808.66,2134.72,1.0
17-10-28_00:02:48,22.0,0.0,2.8,58.7,2.9,808.66,2134.72,1.0
17-10-28_00:02:48,22.0,0.0,2.8,58.7,2.9,808.66,2134.72,1.0
17-10-28_00:02:48,22.0,0.0,2.8,58.7,2.9,808.66,2134.72,1.0
17-10-28_00:02:48,22.0,0.0,2.8,58.7,2.9,808.66,2134.72,1.0
17-10-28_00:02:48,22.0,0.0,2.8,58.7,2.9,808.66,2134.72,1.0
17-10-28_00:02:48,22.0,0.0,2.8,58.7,2.9,808.66,2134.72,1.0
17-10-28_00:02:48,22.0,0.0,2.8,58.7,2.9,808.66,2134.72,1.0
17-10-28_00:02:48,22.0,0.0,2.8,58.7,2.9,808.66,2134.72,1.0
17-10-28_00:02:48,22.0,0.0,2.8,58.7,2.9,808.66,2134.72,1.0
17-10-28_00:02:48,22.0,0.0,2.8,58.7,2.9,808.66,2134.72,1.0
17-10-28_00:02:48,22.0,0.0,2.8,58.7,2.9,808.66,2134.72,1.0
17-10-28_00:02:48,22.0,0.0,4300.0,58.7,2.9,808.66,2134.72,1.0
17-10-28_00:02:48,22.0,0.0,4300.0,58.7,2.9,808.66,2134.72,1.0
17-10-28_00:02:48,22.0,0.0,4300.0,58.7,2.9,808.66,2134.72,1.0
17-10-28_00:02:48,22.0,0.0,4300.0,58.7,2.9,808.66,2134.72,1.0
17-10-28_00:02:48,22.0,0.0,4300.0,58.7,2.9,808.66,2134.72,1.0
17-10-28_00:02:48,22.0,0.0,4300.0,58.7,2.9,808.66,2134.72,1.0
17-10-28_00:02:48,22.0,0.0,4300.0,58.7,2.9,808.66,2134.72,1.0
17-10-28_00:02:48,22.0,0.0,4300.0,58.7,2.9,808.66,2134.72,1.0
17-10-28_00:02:48,22.0,0.0,4300.0,58.7,2.9,808.66,2134.72,1.0
17-10-28_00:02:48,22.0,0.0,4300.0,58.7,2.9,808.66,2134.72,1.0
17-10-28_00:02:48,22.0,0.0,4300.0,58.7,2.9,808.66,2134.72,1.0
17-10-28_00:02:48,22.0,0.0,4300.0,58.7,2.9,808.66,2134.72,1.0
17-10-28_00:02:48,22.0,0.0,4300.0,58.7,2.9,808.66,2134.72,1.0
17-10-28_00:02:48,22.0,0.0,4300.0,58.7,2.9,808.66,2134.72,1.0
17-10-28_00:02:48,22.0,0.0,4300.0,58.7,2.9,808.66,2134.72,1.0
17-10-28_00:02:48,22.0,0.0,4300.0,58.7,2.9,808.66,2134.72,1.0
17-10-28_00:02:48,22.0,0.0,4300.0,58.7,2.9,808.66,2134.72,1.0
17-10-28_00:02:48,22.0,0.0,4300.0,58.7,2.9,808.66,2134.72,1.0
17-10-28_00:02:48,22.0,0.0,4300.0,58.7,2.9,808.66,2134.72,1.0
17-10-28_00:02:48,22.0,0.0,4300.0,58.7,2.9,808.66,2134.72,1.0
17-10-28_00:02:48,22.0,0.0,4300.0,58.7,2.9,808.66,2134.72,1.0
17-10-28_00:02:48,22.0,0.0,4300.0,58.7,2.9,808.66,2134.72,1.0
17-10-28_00:02:48,22.0,0.0,4300.0,58.7,2.9,808.66,2134.72,1.0
17-10-28_00:02:48,22.0,0.0,4300.0,58.7,2.9,808.66,2134.72,1.0
17-10-28_00:02:48,22.0,0.0,4300.0,58.7,2.9,808.66,2134.72,1.0
17-10-28_00:02:48,22.0,0.0,4300.0,58.7,2.9,808.66,2134.72,1.0
17-10-28_00:02:48,22.0,0.0,4300.0,58.7,2.9,808.66,2134.72,1.0
17-10-28_00:02:48,22.0,0.0,4300.0,58.7,2.9,808.66,2134.72,1.0
17-10-28_00:02:48,22.0,0.0,4300.0,58.7,2.9,808.66,2134.72,1.0
17-10-28_00:02:48,22.0,0.0,4300.0,58.7,2.9,808.66,2134.72,1.0
17-10-28_00:02:48,22.0,0.0,4300.0,58.7,2.9,808.66,2134.72,1.0
17-10-28_00:02:48,22.0,0.0,4300.0,58.7,2.9,808.66,2134.72,1.0
17-10-28_00:02:48,22.0,0.0,4200.0,58.7,2.9,808.66,2134.72,1.0
17-10-28_00:02:48,22.0,0.0,4200.0,58.7,2.9,808.66,2134.72,1.0
17-10-28_00:02:48,22.0,0.0,4200.0,58.7,2.9,808.66,2134.72,1.0
17-10-28_00:02:48,22.0,0.0,4200.0,58.7,2.9,808.66,2134.72,1.0
17-10-28_00:02:48,22.0,0.0,4200.0,58.7,2.9,808.66,2134.72,1.0
17-10-28_00:02:48,22.0,0.0,4200.0,58.7,2.9,808.66,2134.72,1.0
17-10-28_00:02:48,22.0,0.0,4200.0,58.7,2.9,808.66,2134.72,1.0
17-10-28_00:02:48,22.0,0.0,4200.0,58.7,2.9,808.66,2134.72,1.0
17-10-28_00:02:48,22.0,0.0,4200.0,58.7,2.9,808.66,2134.72,1.0
17-10-28_00:02:48,22.0,0.0,4200.0,58.7,2.9,808.66,2134.72,1.0
17-10-28_00:02:48,22.0,0.0,4200.0,58.7,2.9,808.66,2134.72,1.0
17-10-28_00:02:48,22.0,0.0,4200.0,58.7,2.9,808.66,2134.72,1.0
17-10-28_00:02:48,22.0,0.0,4200.0,58.7,2.9,808.66,2134.72,1.0
17-10-28_00:02:48,22.0,0.0,4200.0,58.7,2.9,808.66,2134.72,1.0
17-10-28_00:02:48,22.0,0.0,4200.0,58.7,2.9,808.66,2134.72,1.0
17-10-28_00:02:48,22.0,0.0,4200.0,58.7,2.9,808.66,2134.72,1.0
17-10-28_00:02:48,22.0,0.0,4100.0,58.7,2.9,808.66,2134.72,1.0
17-10-28_00:02:48,22.0,0.0,4100.0,58.7,2.9,808.66,2134.72,1.0
17-10-28_00:02:48,22.0,0.0,4100.0,58.7,2.9,808.66,2134.72,1.0
17-10-28_00:02:48,22.0,0.0,4100.0,58.7,2.9,808.66,2134.72,1.0
17-10-28_00:02:48,22.0,0.0,4100.0,58.7,2.9,808.66,2134.72,1.0
17-10-28_00:02:48,22.0,0.0,4100.0,58.7,2.9,808.66,2134.72,1.0
17-10-28_00:02:48,22.0,0.0,4100.0,58.7,2.9,808.66,2134.72,1.0
17-10-28_00:02:48,22.0,0.0,4100.0,58.7,2.9,808.66,2134.72,1.0
17-10-28_00:02:48,22.0,0.0,4100.0,58.7,2.9,808.66,2134.72,1.0
17-10-28_00:02:48,22.0,0.0,4100.0,58.7,2.9,808.66,2134.72,1.0
17-10-28_00:02:48,22.0,0.0,4100.0,58.7,2.9,808.66,2134.72,1.0
17-10-28_00:02:48,22.0,0.0,4100.0,58.7,2.9,808.66,2134.72,1.0
17-10-28_00:02:48,22.0,0.0,4100.0,58.7,2.9,808.66,2134.72,1.0
17-10-28_00:02:48,22.0,0.0,4100.0,58.7,2.9,808.66,2134.72,1.0
17-10-28_00:02:48,22.0,0.0,4100.0,58.7,2.9,808.66,2134.72,1.0
17-10-28_00:02:48,22.0,0.0,4100.0,58.7,2.9,808.66,2134.72,1.0
17-10-28_00:02:48,22.0,0.0,4300.0,58.7,2.9,808.66,2134.72,1.0
17-10-28_00:02:48,22.0,0.0,4300.0,58.7,2.9,808.66,2134.72,1.0
17-10-28_00:02:48,22.0,0.0,4300.0,58.7,2.9,808.66,2134.72,1.0
17-10-28_00:02:48,22.0,0.0,4300.0,58.7,2.9,808.66,2134.72,1.0
17-10-28_00:02:48,22.0,0.0,4300.0,58.7,2.9,808.66,2134.72,1.0
17-10-28_00:02:48,22.0,0.0,4300.0,58.7,2.9,808.66,2134.72,1.0
17-10-28_00:02:48,22.0,0.0,4300.0,58.7,2.9,808.66,2134.72,1.0
17-10-28_00:02:48,22.0,0.0,4300.0,58.7,2.9,808.66,2134.72,1.0
17-10-28_00:02:48,22.0,0.0,4300.0,58.7,2.9,808.66,2134.72,1.0
17-10-28_00:02:48,22.0,0.0,4300.0,58.7,2.9,808.66,2134.72,1.0
17-10-28_00:02:48,22.0,0.0,4300.0,58.7,2.9,808.66,2134.72,1.0
17-10-28_00:02:48,22.0,0.0,4300.0,58.7,2.9,808.66,2134.72,1.0
17-10-28_00:02:48,22.0,0.0,4300.0,58.7,2.9,808.66,2134.72,1.0
17-10-28_00:02:48,22.0,0.0,4300.0,58.7,2.9,808.66,2134.72,1.0
17-10-28_00:02:48,22.0,0.0,4300.0,58.7,2.9,808.66,2134.72,1.0
17-10-28_00:02:48,22.0,0.0,4300.0,58.7,2.9,808.66,2134.72,1.0
17-10-28_00:02:48,22.0,0.0,4300.0,58.7,2.9,808.66,2134.72,1.0
17-10-28_00:02:48,22.0,0.0,4300.0,58.7,2.9,808.66,2134.72,1.0
17-10-28_00:02:48,22.0,0.0,4300.0,58.7,2.9,808.66,2134.72,1.0
17-10-28_00:02:48,22.0,0.0,4300.0,58.7,2.9,808.66,2134.72,1.0
17-10-28_00:02:48,22.0,0.0,4300.0,58.7,2.9,808.66,2134.72,1.0
17-10-28_00:02:48,22.0,0.0,4300.0,58.7,2.9,808.66,2134.72,1.0
17-10-28_00:02:48,22.0,0.0,4300.0,58.7,2.9,808.66,2134.72,1.0
17-10-28_00:02:48,22.0,0.0,4300.0,58.7,2.9,808.66,2134.72,1.0
17-10-28_00:02:48,22.0,0.0,4300.0,58.7,2.9,808.66,2134.72,1.0
17-10-28_00:02:48,22.0,0.0,4300.0,58.7,2.9,808.66,2134.72,1.0
17-10-28_00:02:48,22.0,0.0,4300.0,58.7,2.9,808.66,2134.72,1.0
17-10-28_00:02:48,22.0,0.0,4300.0,58.7,2.9,808.66,2134.72,1.0
17-10-28_00:02:48,22.0,0.0,4300.0,58.7,2.9,808.66,2134.72,1.0
17-10-28_00:02:48,22.0,0.0,4300.0,58.7,2.9,808.66,2134.72,1.0
17-10-28_00:02:48,22.0,0.0,4300.0,58.7,2.9,808.66,2134.72,1.0
17-10-28_00:02:48,22.0,0.0,4300.0,58.7,2.9,808.66,2134.72,1.0
17-10-28_00:02:48,22.0,0.0,4200.0,58.7,2.9,808.66,2134.72,1.0
17-10-28_00:02:48,22.0,0.0,4200.0,58.7,2.9,808.66,2134.72,1.0
17-10-28_00:02:48,22.0,0.0,4200.0,58.7,2.9,808.66,2134.72,1.0
17-10-28_00:02:48,22.0,0.0,4200.0,58.7,2.9,808.66,2134.72,1.0
17-10-28_00:02:48,22.0,0.0,4200.0,58.7,2.9,808.66,2134.72,1.0
17-10-28_00:02:48,22.0,0.0,4200.0,58.7,2.9,808.66,2134.72,1.0
17-10-28_00:02:48,22.0,0.0,4200.0,58.7,2.9,808.66,2134.72,1.0
17-10-28_00:02:48,22.0,0.0,4200.0,58.7,2.9,808.66,2134.72,1.0
17-10-28_00:02:48,22.0,0.0,4200.0,58.7,2.9,808.66,2134.72,1.0
17-10-28_00:02:48,22.0,0.0,4200.0,58.7,2.9,808.66,2134.72,1.0
17-10-28_00:02:48,22.0,0.0,4200.0,58.7,2.9,808.66,2134.72,1.0
17-10-28_00:02:48,22.0,0.0,4200.0,58.7,2.9,808.66,2134.72,1.0
17-10-28_00:02:48,22.0,0.0,4200.0,58.7,2.9,808.66,2134.72,1.0
17-10-28_00:02:48,22.0,0.0,4200.0,58.7,2.9,808.66,2134.72,1.0
17-10-28_00:02:48,22.0,0.0,4200.0,58.7,2.9,808.66,2134.72,1.0
17-10-28_00:02:48,22.0,0.0,4200.0,58.7,2.9,808.66,2134.72,1.0
17-10-28_00:02:48,22.0,0.0,4100.0,58.7,2.9,808.66,2134.72,1.0
17-10-28_00:02:48,22.0,0.0,4100.0,58.7,2.9,808.66,2134.72,1.0
17-10-28_00:02:48,22.0,0.0,4100.0,58.7,2.9,808.66,2134.72,1.0
17-10-28_00:02:48,22.0,0.0,4100.0,58.7,2.9,808.66,2134.72,1.0
17-10-28_00:02:48,22.0,0.0,4100.0,58.7,2.9,808.66,2134.72,1.0
17-10-28_00:02:48,22.0,0.0,4100.0,58.7,2.9,808.66,2134.72,1.0
17-10-28_00:02:48,22.0,0.0,4100.0,58.7,2.9,808.66,2134.72,1.0
17-10-28_00:02:48,22.0,0.0,4100.0,58.7,2.9,808.66,2134.72,1.0
17-10-28_00:02:48,22.0,0.0,4100.0,58.7,2.9,808.66,2134.72,1.0
17-10-28_00:02:48,22.0,0.0,4100.0,58.7,2.9,808.66,2134.72,1.0
17-10-28_00:02:48,22.0,0.0,4100.0,58.7,2.9,808.66,2134.72,1.0
17-10-28_00:02:48,22.0,0.0,4100.0,58.7,2.9,808.66,2134.72,1.0
17-10-28_00:02:48,22.0,0.0,4100.0,58.7,2.9,808.66,2134.72,1.0
17-10-28_00:02:48,22.0,0.0,4100.0,58.7,2.9,808.66,2134.72,1.0
17-10-28_00:02:48,22.0,0.0,4100.0,58.7,2.9,808.66,2134.72,1.0
17-10-28_00:02:48,22.0,0.0,4100.0,58.7,2.9,808.66,2134.72,1.0
17-10-28_00:02:48,22.0,0.0,4.0,58.7,2.9,808.66,2134.72,1.0
17-10-28_00:02:48,22.0,0.0,4.0,58.7,2.9,808.66,2134.72,1.0
17-10-28_00:02:48,22.0,0.0,4.0,58.7,2.9,808.66,2134.72,1.0
17-10-28_00:02:48,22.0,0.0,4.0,58.7,2.9,808.66,2134.72,1.0
17-10-28_00:02:48,22.0,0.0,4.0,58.7,2.9,808.66,2134.72,1.0
17-10-28_00:02:48,22.0,0.0,4.0,58.7,2.9,808.66,2134.72,1.0
17-10-28_00:02:48,22.0,0.0,4.0,58.7,2.9,808.66,2134.72,1.0
17-10-28_00:02:48,22.0,0.0,4.0,58.7,2.9,808.66,2134.72,1.0
17-10-28_00:02:48,22.0,0.0,4.0,58.7,2.9,808.66,2134.72,1.0
17-10-28_00:02:48,22.0,0.0,4.0,58.7,2.9,808.66,2134.72,1.0
17-10-28_00:02:48,22.0,0.0,4.0,58.7,2.9,808.66,2134.72,1.0
17-10-28_00:02:48,22.0,0.0,4.0,58.7,2.9,808.66,2134.72,1.0
17-10-28_00:02:48,22.0,0.0,4.0,58.7,2.9,808.66,2134.72,1.0
17-10-28_00:02:48,22.0,0.0,4.0,58.7,2.9,808.66,2134.72,1.0
17-10-28_00:02:48,22.0,0.0,4.0,58.7,2.9,808.66,2134.72,1.0
17-10-28_00:02:48,22.0,0.0,4.0,58.7,2.9,808.66,2134.72,1.0
17-10-28_00:02:48,22.0,0.0,4000.0,58.7,2.9,808.66,2134.72,1.0
17-10-28_00:02:48,22.0,0.0,4000.0,58.7,2.9,808.66,2134.72,1.0
17-10-28_00:02:48,22.0,0.0,4000.0,58.7,2.9,808.66,2134.72,1.0
17-10-28_00:02:48,22.0,0.0,4000.0,58.7,2.9,808.66,2134.72,1.0
17-10-28_00:02:48,22.0,0.0,4000.0,58.7,2.9,808.66,2134.72,1.0
17-10-28_00:02:48,22.0,0.0,4000.0,58.7,2.9,808.66,2134.72,1.0
17-10-28_00:02:48,22.0,0.0,4000.0,58.7,2.9,808.66,2134.72,1.0
17-10-28_00:02:48,22.0,0.0,4000.0,58.7,2.9,808.66,2134.72,1.0
17-10-28_00:02:48,22.0,0.0,4000.0,58.7,2.9,808.66,2134.72,1.0
17-10-28_00:02:48,22.0,0.0,4000.0,58.7,2.9,808.66,2134.72,1.0
17-10-28_00:02:48,22.0,0.0,4000.0,58.7,2.9,808.66,2134.72,1.0
17-10-28_00:02:48,22.0,0.0,4000.0,58.7,2.9,808.66,2134.72,1.0
17-10-28_00:02:48,22.0,0.0,4000.0,58.7,2.9,808.66,2134.72,1.0
17-10-28_00:02:48,22.0,0.0,4000.0,58.7,2.9,808.66,2134.72,1.0
17-10-28_00:02:48,22.0,0.0,4000.0,58.7,2.9,808.66,2134.72,1.0
17-10-28_00:02:48,22.0,0.0,4000.0,58.7,2.9,808.66,2134.72,1.0
17-10-28_00:02:48,22.0,0.0,1355.9,58.7,2.9,808.66,2134.72,1.0
17-10-28_00:02:48,22.0,0.0,1355.9,58.7,2.9,808.66,2134.72,1.0
17-10-28_00:02:48,22.0,0.0,1355.9,58.7,2.9,808.66,2134.72,1.0
17-10-28_00:02:48,22.0,0.0,1355.9,58.7,2.9,808.66,2134.72,1.0
17-10-28_00:02:48,22.0,0.0,1355.9,58.7,2.9,808.66,2134.72,1.0
17-10-28_00:02:48,22.0,0.0,1355.9,58.7,2.9,808.66,2134.72,1.0
17-10-28_00:02:48,22.0,0.0,1355.9,58.7,2.9,808.66,2134.72,1.0
17-10-28_00:02:48,22.0,0.0,1355.9,58.7,2.9,808.66,2134.72,1.0
17-10-28_00:02:48,22.0,0.0,1355.9,58.7,2.9,808.66,2134.72,1.0
17-10-28_00:02:48,22.0,0.0,1355.9,58.7,2.9,808.66,2134.72,1.0
17-10-28_00:02:48,22.0,0.0,1355.9,58.7,2.9,808.66,2134.72,1.0
17-10-28_00:02:48,22.0,0.0,1355.9,58.7,2.9,808.66,2134.72,1.0
17-10-28_00:02:48,22.0,0.0,1355.9,58.7,2.9,808.66,2134.72,1.0
17-10-28_00:02:48,22.0,0.0,1355.9,58.7,2.9,808.66,2134.72,1.0
17-10-28_00:02:48,22.0,0.0,1355.9,58.7,2.9,808.66,2134.72,1.0
17-10-28_00:02:48,22.0,0.0,1355.9,58.7,2.9,808.66,2134.72,1.0
17-10-28_00:02:48,22.0,0.0,3000.0,58.7,2.9,808.66,2134.72,1.0
17-10-28_00:02:48,22.0,0.0,3000.0,58.7,2.9,808.66,2134.72,1.0
17-10-28_00:02:48,22.0,0.0,3000.0,58.7,2.9,808.66,2134.72,1.0
17-10-28_00:02:48,22.0,0.0,3000.0,58.7,2.9,808.66,2134.72,1.0
17-10-28_00:02:48,22.0,0.0,3000.0,58.7,2.9,808.66,2134.72,1.0
17-10-28_00:02:48,22.0,0.0,3000.0,58.7,2.9,808.66,2134.72,1.0
17-10-28_00:02:48,22.0,0.0,3000.0,58.7,2.9,808.66,2134.72,1.0
17-10-28_00:02:48,22.0,0.0,3000.0,58.7,2.9,808.66,2134.72,1.0
17-10-28_00:02:48,22.0,0.0,3000.0,58.7,2.9,808.66,2134.72,1.0
17-10-28_00:02:48,22.0,0.0,3000.0,58.7,2.9,808.66,2134.72,1.0
17-10-28_00:02:48,22.0,0.0,3000.0,58.7,2.9,808.66,2134.72,1.0
17-10-28_00:02:48,22.0,0.0,3000.0,58.7,2.9,808.66,2134.72,1.0
17-10-28_00:02:48,22.0,0.0,3000.0,58.7,2.9,808.66,2134.72,1.0
17-10-28_00:02:48,22.0,0.0,3000.0,58.7,2.9,808.66,2134.72,1.0
17-10-28_00:02:48,22.0,0.0,3000.0,58.7,2.9,808.66,2134.72,1.0
17-10-28_00:02:48,22.0,0.0,3000.0,58.7,2.9,808.66,2134.72,1.0
17-10-28_00:02:48,22.0,0.0,4000.0,58.7,2.9,808.66,2134.72,1.0
17-10-28_00:02:48,22.0,0.0,4000.0,58.7,2.9,808.66,2134.72,1.0
17-10-28_00:02:48,22.0,0.0,4000.0,58.7,2.9,808.66,2134.72,1.0
17-10-28_00:02:48,22.0,0.0,4000.0,58.7,2.9,808.66,2134.72,1.0
17-10-28_00:02:48,22.0,0.0,4000.0,58.7,2.9,808.66,2134.72,1.0
17-10-28_00:02:48,22.0,0.0,4000.0,58.7,2.9,808.66,2134.72,1.0
17-10-28_00:02:48,22.0,0.0,4000.0,58.7,2.9,808.66,2134.72,1.0
17-10-28_00:02:48,22.0,0.0,4000.0,58.7,2.9,808.66,2134.72,1.0
17-10-28_00:02:48,22.0,0.0,4000.0,58.7,2.9,808.66,2134.72,1.0
17-10-28_00:02:48,22.0,0.0,4000.0,58.7,2.9,808.66,2134.72,1.0
17-10-28_00:02:48,22.0,0.0,4000.0,58.7,2.9,808.66,2134.72,1.0
17-10-28_00:02:48,22.0,0.0,4000.0,58.7,2.9,808.66,2134.72,1.0
17-10-28_00:02:48,22.0,0.0,4000.0,58.7,2.9,808.66,2134.72,1.0
17-10-28_00:02:48,22.0,0.0,4000.0,58.7,2.9,808.66,2134.72,1.0
17-10-28_00:02:48,22.0,0.0,4000.0,58.7,2.9,808.66,2134.72,1.0
17-10-28_00:02:48,22.0,0.0,4000.0,58.7,2.9,808.66,2134.72,1.0
17-10-28_00:02:48,22.0,0.0,4000.0,58.7,2.9,808.66,2134.72,1.0
17-10-28_00:02:48,22.0,0.0,4000.0,58.7,2.9,808.66,2134.72,1.0
17-10-28_00:02:48,22.0,0.0,4000.0,58.7,2.9,808.66,2134.72,1.0
17-10-28_00:02:48,22.0,0.0,4000.0,58.7,2.9,808.66,2134.72,1.0
17-10-28_00:02:48,22.0,0.0,4000.0,58.7,2.9,808.66,2134.72,1.0
17-10-28_00:02:48,22.0,0.0,4000.0,58.7,2.9,808.66,2134.72,1.0
17-10-28_00:02:48,22.0,0.0,4000.0,58.7,2.9,808.66,2134.72,1.0
17-10-28_00:02:48,22.0,0.0,4000.0,58.7,2.9,808.66,2134.72,1.0
17-10-28_00:02:48,22.0,0.0,4000.0,58.7,2.9,808.66,2134.72,1.0
17-10-28_00:02:48,22.0,0.0,4000.0,58.7,2.9,808.66,2134.72,1.0
17-10-28_00:02:48,22.0,0.0,4000.0,58.7,2.9,808.66,2134.72,1.0
17-10-28_00:02:48,22.0,0.0,4000.0,58.7,2.9,808.66,2134.72,1.0
17-10-28_00:02:48,22.0,0.0,4000.0,58.7,2.9,808.66,2134.72,1.0
17-10-28_00:02:48,22.0,0.0,4000.0,58.7,2.9,808.66,2134.72,1.0
17-10-28_00:02:48,22.0,0.0,4000.0,58.7,2.9,808.66,2134.72,1.0
17-10-28_00:02:48,22.0,0.0,4000.0,58.7,2.9,808.66,2134.72,1.0
17-10-28_00:02:48,22.0,0.0,4000.0,58.7,2.9,808.66,2134.72,1.0
17-10-28_00:02:48,22.0,0.0,4000.0,58.7,2.9,808.66,2134.72,1.0
17-10-28_00:02:48,22.0,0.0,4000.0,58.7,2.9,808.66,2134.72,1.0
17-10-28_00:02:48,22.0,0.0,4000.0,58.7,2.9,808.66,2134.72,1.0
17-10-28_00:02:48,22.0,0.0,4000.0,58.7,2.9,808.66,2134.72,1.0
17-10-28_00:02:48,22.0,0.0,4000.0,58.7,2.9,808.66,2134.72,1.0
17-10-28_00:02:48,22.0,0.0,4000.0,58.7,2.9,808.66,2134.72,1.0
17-10-28_00:02:48,22.0,0.0,4000.0,58.7,2.9,808.66,2134.72,1.0
17-10-28_00:02:48,22.0,0.0,4000.0,58.7,2.9,808.66,2134.72,1.0
17-10-28_00:02:48,22.0,0.0,4000.0,58.7,2.9,808.66,2134.72,1.0
17-10-28_00:02:48,22.0,0.0,4000.0,58.7,2.9,808.66,2134.72,1.0
17-10-28_00:02:48,22.0,0.0,4000.0,58.7,2.9,808.66,2134.72,1.0
17-10-28_00:02:48,22.0,0.0,4000.0,58.7,2.9,808.66,2134.72,1.0
17-10-28_00:02:48,22.0,0.0,4000.0,58.7,2.9,808.66,2134.72,1.0
17-10-28_00:02:48,22.0,0.0,4000.0,58.7,2.9,808.66,2134.72,1.0
17-10-28_00:02:48,22.0,0.0,4000.0,58.7,2.9,808.66,2134.72,1.0
17-10-28_00:02:48,22.0,0.0,4000.0,58.7,2.9,808.66,2134.72,1.0
17-10-28_00:02:48,22.0,0.0,4000.0,58.7,2.9,808.66,2134.72,1.0
17-10-28_00:02:48,22.0,0.0,4000.0,58.7,2.9,808.66,2134.72,1.0
17-10-28_00:02:48,22.0,0.0,4000.0,58.7,2.9,808.66,2134.72,1.0
17-10-28_00:02:48,22.0,0.0,4000.0,58.7,2.9,808.66,2134.72,1.0
17-10-28_00:02:48,22.0,0.0,4000.0,58.7,2.9,808.66,2134.72,1.0
17-10-28_00:02:48,22.0,0.0,4000.0,58.7,2.9,808.66,2134.72,1.0
17-10-28_00:02:48,22.0,0.0,4000.0,58.7,2.9,808.66,2134.72,1.0
17-10-28_00:02:48,22.0,0.0,4000.0,58.7,2.9,808.66,2134.72,1.0
17-10-28_00:02:48,22.0,0.0,4000.0,58.7,2.9,808.66,2134.72,1.0
17-10-28_00:02:48,22.0,0.0,4000.0,58.7,2.9,808.66,2134.72,1.0
17-10-28_00:02:48,22.0,0.0,4000.0,58.7,2.9,808.66,2134.72,1.0
17-10-28_00:02:48,22.0,0.0,4000.0,58.7,2.9,808.66,2134.72,1.0
17-10-28_00:02:48,22.0,0.0,4000.0,58.7,2.9,808.66,2134.72,1.0
17-10-28_00:02:48,22.0,0.0,4000.0,58.7,2.9,808.66,2134.72,1.0
17-10-28_00:02:48,22.0,0.0,4000.0,58.7,2.9,808.66,2134.72,1.0
17-10-28_00:02:48,22.0,0.0,4000.0,58.7,2.9,808.66,2134.72,1.0
17-10-28_00:02:48,22.0,0.0,4000.0,58.7,2.9,808.66,2134.72,1.0
17-10-28_00:02:48,22.0,0.0,4000.0,58.7,2.9,808.66,2134.72,1.0
17-10-28_00:02:48,22.0,0.0,4000.0,58.7,2.9,808.66,2134.72,1.0
17-10-28_00:02:48,22.0,0.0,4000.0,58.7,2.9,808.66,2134.72,1.0
17-10-28_00:02:48,22.0,0.0,4000.0,58.7,2.9,808.66,2134.72,1.0
17-10-28_00:02:48,22.0,0.0,4000.0,58.7,2.9,808.66,2134.72,1.0
17-10-28_00:02:48,22.0,0.0,4000.0,58.7,2.9,808.66,2134.72,1.0
17-10-28_00:02:48,22.0,0.0,4000.0,58.7,2.9,808.66,2134.72,1.0
17-10-28_00:02:48,22.0,0.0,4000.0,58.7,2.9,808.66,2134.72,1.0
17-10-28_00:02:48,22.0,0.0,4000.0,58.7,2.9,808.66,2134.72,1.0
17-10-28_00:02:48,22.0,0.0,4000.0,58.7,2.9,808.66,2134.72,1.0
17-10-28_00:02:48,22.0,0.0,4000.0,58.7,2.9,808.66,2134.72,1.0
17-10-28_00:02:48,22.0,0.0,4000.0,58.7,2.9,808.66,2134.72,1.0
17-10-28_00:02:48,22.0,0.0,4000.0,58.7,2.9,808.66,2134.72,1.0
17-10-28_00:02:48,22.0,0.0,4000.0,58.7,2.9,808.66,2134.72,1.0
17-10-28_00:02:48,22.0,0.0,4000.0,58.7,2.9,808.66,2134.72,1.0
17-10-28_00:02:48,22.0,0.0,4000.0,58.7,2.9,808.66,2134.72,1.0
17-10-28_00:02:48,22.0,0.0,4000.0,58.7,2.9,808.66,2134.72,1.0
17-10-28_00:02:48,22.0,0.0,4000.0,58.7,2.9,808.66,2134.72,1.0
17-10-28_00:02:48,22.0,0.0,4000.0,58.7,2.9,808.66,2134.72,1.0
17-10-28_00:02:48,22.0,0.0,4000.0,58.7,2.9,808.66,2134.72,1.0
17-10-28_00:02:48,22.0,0.0,4000.0,58.7,2.9,808.66,2134.72,1.0
17-10-28_00:02:48,22.0,0.0,4000.0,58.7,2.9,808.66,2134.72,1.0
17-10-28_00:02:48,22.0,0.0,4000.0,58.7,2.9,808.66,2134.72,1.0
17-10-28_00:02:48,22.0,0.0,4000.0,58.7,2.9,808.66,2134.72,1.0
17-10-28_00:02:48,22.0,0.0,4000.0,58.7,2.9,808.66,2134.72,1.0
17-10-28_00:02:48,22.0,0.0,4000.0,58.7,2.9,808.66,2134.72,1.0
17-10-28_00:02:48,22.0,0.0,4000.0,58.7,2.9,808.66,2134.72,1.0
17-10-28_00:02:48,22.0,0.0,4000.0,58.7,2.9,808.66,2134.72,1.0
17-10-28_00:02:48,22.0,0.0,4000.0,58.7,2.9,808.66,2134.72,1.0
17-10-28_00:02:48,22.0,0.0,4000.0,58.7,2.9,808.66,2134.72,1.0
17-10-28_00:02:48,22.0,0.0,4000.0,58.7,2.9,808.66,2134.72,1.0
17-10-28_00:02:48,22.0,0.0,4000.0,58.7,2.9,808.66,2134.72,1.0
17-10-28_00:02:48,22.0,0.0,4000.0,58.7,2.9,808.66,2134.72,1.0
17-10-28_00:02:48,22.0,0.0,4000.0,58.7,2.9,808.66,2134.72,1.0
17-10-28_00:02:48,22.0,0.0,4000.0,58.7,2.9,808.66,2134.72,1.0
17-10-28_00:02:48,22.0,0.0,4000.0,58.7,2.9,808.66,2134.72,1.0
17-10-28_00:02:48,22.0,0.0,4000.0,58.7,2.9,808.66,2134.72,1.0
17-10-28_00:02:48,22.0,0.0,4000.0,58.7,2.9,808.66,2134.72,1.0
17-10-28_00:02:48,22.0,0.0,4000.0,58.7,2.9,808.66,2134.72,1.0
17-10-28_00:02:48,22.0,0.0,4000.0,58.7,2.9,808.66,2134.72,1.0
17-10-28_00:02:48,22.0,0.0,4000.0,58.7,2.9,808.66,2134.72,1.0
17-10-28_00:02:48,22.0,0.0,4000.0,58.7,2.9,808.66,2134.72,1.0
17-10-28_00:02:48,22.0,0.0,4000.0,58.7,2.9,808.66,2134.72,1.0
17-10-28_00:02:48,22.0,0.0,4000.0,58.7,2.9,808.66,2134.72,1.0
17-10-28_00:02:48,22.0,0.0,4000.0,58.7,2.9,808.66,2134.72,1.0
17-10-28_00:02:48,22.0,0.0,4000.0,58.7,2.9,808.66,2134.72,1.0
17-10-28_00:02:48,22.0,0.0,4000.0,58.7,2.9,808.66,2134.72,1.0
17-10-28_00:02:48,22.0,0.0,4000.0,58.7,2.9,808.66,2134.72,1.0
17-10-28_00:02:48,22.0,0.0,4000.0,58.7,2.9,808.66,2134.72,1.0
17-10-28_00:02:48,22.0,0.0,4000.0,58.7,2.9,808.66,2134.72,1.0
17-10-28_00:02:48,22.0,0.0,4000.0,58.7,2.9,808.66,2134.72,1.0
17-10-28_00:02:48,22.0,0.0,4000.0,58.7,2.9,808.66,2134.72,1.0
17-10-28_00:02:48,22.0,0.0,4000.0,58.7,2.9,808.66,2134.72,1.0
17-10-28_00:02:48,22.0,0.0,4000.0,58.7,2.9,808.66,2134.72,1.0
17-10-28_00:02:48,22.0,0.0,4000.0,58.7,2.9,808.66,2134.72,1.0
17-10-28_00:02:48,22.0,0.0,4000.0,58.7,2.9,808.66,2134.72,1.0
17-10-28_00:02:48,22.0,0.0,4000.0,58.7,2.9,808.66,2134.72,1.0
17-10-28_00:02:48,22.0,0.0,4000.0,58.7,2.9,808.66,2134.72,1.0
17-10-28_00:02:48,22.0,0.0,4000.0,58.7,2.9,808.66,2134.72,1.0
17-10-28_00:02:48,22.0,0.0,4000.0,58.7,2.9,808.66,2134.72,1.0
17-10-28_00:02:48,22.0,0.0,4000.0,58.7,2.9,808.66,2134.72,1.0
17-10-28_00:02:48,22.0,0.0,4000.0,58.7,2.9,808.66,2134.72,1.0
17-10-28_00:02:48,22.0,0.0,909.1,58.7,2.9,808.66,2134.72,1.0
17-10-28_00:02:48,22.0,0.0,909.1,58.7,2.9,808.66,2134.72,1.0
17-10-28_00:02:48,22.0,0.0,909.1,58.7,2.9,808.66,2134.72,1.0
17-10-28_00:02:48,22.0,0.0,909.1,58.7,2.9,808.66,2134.72,1.0
17-10-28_00:02:48,22.0,0.0,909.1,58.7,2.9,808.66,2134.72,1.0
17-10-28_00:02:48,22.0,0.0,909.1,58.7,2.9,808.66,2134.72,1.0
17-10-28_00:02:48,22.0,0.0,909.1,58.7,2.9,808.66,2134.72,1.0
17-10-28_00:02:48,22.0,0.0,909.1,58.7,2.9,808.66,2134.72,1.0
17-10-28_00:02:48,22.0,0.0,909.1,58.7,2.9,808.66,2134.72,1.0
17-10-28_00:02:48,22.0,0.0,909.1,58.7,2.9,808.66,2134.72,1.0
17-10-28_00:02:48,22.0,0.0,909.1,58.7,2.9,808.66,2134.72,1.0
17-10-28_00:02:48,22.0,0.0,909.1,58.7,2.9,808.66,2134.72,1.0
17-10-28_00:02:48,22.0,0.0,909.1,58.7,2.9,808.66,2134.72,1.0
17-10-28_00:02:48,22.0,0.0,909.1,58.7,2.9,808.66,2134.72,1.0
17-10-28_00:02:48,22.0,0.0,909.1,58.7,2.9,808.66,2134.72,1.0
17-10-28_00:02:48,22.0,0.0,909.1,58.7,2.9,808.66,2134.72,1.0
17-10-28_00:02:48,22.0,0.0,164.4,58.7,2.9,808.66,2134.72,1.0
17-10-28_00:02:48,22.0,0.0,164.4,58.7,2.9,808.66,2134.72,1.0
17-10-28_00:02:48,22.0,0.0,164.4,58.7,2.9,808.66,2134.72,1.0
17-10-28_00:02:48,22.0,0.0,164.4,58.7,2.9,808.66,2134.72,1.0
17-10-28_00:02:48,22.0,0.0,164.4,58.7,2.9,808.66,2134.72,1.0
17-10-28_00:02:48,22.0,0.0,164.4,58.7,2.9,808.66,2134.72,1.0
17-10-28_00:02:48,22.0,0.0,164.4,58.7,2.9,808.66,2134.72,1.0
17-10-28_00:02:48,22.0,0.0,164.4,58.7,2.9,808.66,2134.72,1.0
17-10-28_00:02:48,22.0,0.0,164.4,58.7,2.9,808.66,2134.72,1.0
17-10-28_00:02:48,22.0,0.0,164.4,58.7,2.9,808.66,2134.72,1.0
17-10-28_00:02:48,22.0,0.0,164.4,58.7,2.9,808.66,2134.72,1.0
17-10-28_00:02:48,22.0,0.0,164.4,58.7,2.9,808.66,2134.72,1.0
17-10-28_00:02:48,22.0,0.0,164.4,58.7,2.9,808.66,2134.72,1.0
17-10-28_00:02:48,22.0,0.0,164.4,58.7,2.9,808.66,2134.72,1.0
17-10-28_00:02:48,22.0,0.0,164.4,58.7,2.9,808.66,2134.72,1.0
17-10-28_00:02:48,22.0,0.0,164.4,58.7,2.9,808.66,2134.72,1.0
17-10-28_00:02:48,22.0,0.0,3.3,58.7,2.9,808.66,2134.72,1.0
17-10-28_00:02:48,22.0,0.0,3.3,58.7,2.9,808.66,2134.72,1.0
17-10-28_00:02:48,22.0,0.0,3.3,58.7,2.9,808.66,2134.72,1.0
17-10-28_00:02:48,22.0,0.0,3.3,58.7,2.9,808.66,2134.72,1.0
17-10-28_00:02:48,22.0,0.0,3.3,58.7,2.9,808.66,2134.72,1.0
17-10-28_00:02:48,22.0,0.0,3.3,58.7,2.9,808.66,2134.72,1.0
17-10-28_00:02:48,22.0,0.0,3.3,58.7,2.9,808.66,2134.72,1.0
17-10-28_00:02:48,22.0,0.0,3.3,58.7,2.9,808.66,2134.72,1.0
17-10-28_00:02:48,22.0,0.0,3.3,58.7,2.9,808.66,2134.72,1.0
17-10-28_00:02:48,22.0,0.0,3.3,58.7,2.9,808.66,2134.72,1.0
17-10-28_00:02:48,22.0,0.0,3.3,58.7,2.9,808.66,2134.72,1.0
17-10-28_00:02:48,22.0,0.0,3.3,58.7,2.9,808.66,2134.72,1.0
17-10-28_00:02:48,22.0,0.0,3.3,58.7,2.9,808.66,2134.72,1.0
17-10-28_00:02:48,22.0,0.0,3.3,58.7,2.9,808.66,2134.72,1.0
17-10-28_00:02:48,22.0,0.0,3.3,58.7,2.9,808.66,2134.72,1.0
17-10-28_00:02:48,22.0,0.0,3.3,58.7,2.9,808.66,2134.72,1.0
17-10-28_00:02:48,22.0,0.0,3.3,58.7,2.9,808.66,2134.72,1.0
17-10-28_00:02:48,22.0,0.0,3.3,58.7,2.9,808.66,2134.72,1.0
17-10-28_00:02:48,22.0,0.0,3.3,58.7,2.9,808.66,2134.72,1.0
17-10-28_00:02:48,22.0,0.0,3.3,58.7,2.9,808.66,2134.72,1.0
17-10-28_00:02:48,22.0,0.0,3.3,58.7,2.9,808.66,2134.72,1.0
17-10-28_00:02:48,22.0,0.0,3.3,58.7,2.9,808.66,2134.72,1.0
17-10-28_00:02:48,22.0,0.0,3.3,58.7,2.9,808.66,2134.72,1.0
17-10-28_00:02:48,22.0,0.0,3.3,58.7,2.9,808.66,2134.72,1.0
17-10-28_00:02:48,22.0,0.0,3.3,58.7,2.9,808.66,2134.72,1.0
17-10-28_00:02:48,22.0,0.0,3.3,58.7,2.9,808.66,2134.72,1.0
17-10-28_00:02:48,22.0,0.0,3.3,58.7,2.9,808.66,2134.72,1.0
17-10-28_00:02:48,22.0,0.0,3.3,58.7,2.9,808.66,2134.72,1.0
17-10-28_00:02:48,22.0,0.0,3.3,58.7,2.9,808.66,2134.72,1.0
17-10-28_00:02:48,22.0,0.0,3.3,58.7,2.9,808.66,2134.72,1.0
17-10-28_00:02:48,22.0,0.0,3.3,58.7,2.9,808.66,2134.72,1.0
17-10-28_00:02:48,22.0,0.0,3.3,58.7,2.9,808.66,2134.72,1.0
17-10-28_00:02:48,22.0,0.0,3.3,58.7,2.9,808.66,2134.72,1.0
17-10-28_00:02:48,22.0,0.0,3.3,58.7,2.9,808.66,2134.72,1.0
17-10-28_00:02:48,22.0,0.0,3.3,58.7,2.9,808.66,2134.72,1.0
17-10-28_00:02:48,22.0,0.0,3.3,58.7,2.9,808.66,2134.72,1.0
17-10-28_00:02:48,22.0,0.0,3.3,58.7,2.9,808.66,2134.72,1.0
17-10-28_00:02:48,22.0,0.0,3.3,58.7,2.9,808.66,2134.72,1.0
17-10-28_00:02:48,22.0,0.0,3.3,58.7,2.9,808.66,2134.72,1.0
17-10-28_00:02:48,22.0,0.0,3.3,58.7,2.9,808.66,2134.72,1.0
17-10-28_00:02:48,22.0,0.0,3.3,58.7,2.9,808.66,2134.72,1.0
17-10-28_00:02:48,22.0,0.0,3.3,58.7,2.9,808.66,2134.72,1.0
17-10-28_00:02:48,22.0,0.0,3.3,58.7,2.9,808.66,2134.72,1.0
17-10-28_00:02:48,22.0,0.0,3.3,58.7,2.9,808.66,2134.72,1.0
17-10-28_00:02:48,22.0,0.0,3.3,58.7,2.9,808.66,2134.72,1.0
17-10-28_00:02:48,22.0,0.0,3.3,58.7,2.9,808.66,2134.72,1.0
17-10-28_00:02:48,22.0,0.0,3.3,58.7,2.9,808.66,2134.72,1.0
17-10-28_00:02:48,22.0,0.0,3.3,58.7,2.9,808.66,2134.72,1.0
17-10-28_00:02:48,22.0,0.0,3000.0,58.7,2.9,808.66,2134.72,1.0
17-10-28_00:02:48,22.0,0.0,3000.0,58.7,2.9,808.66,2134.72,1.0
17-10-28_00:02:48,22.0,0.0,3000.0,58.7,2.9,808.66,2134.72,1.0
17-10-28_00:02:48,22.0,0.0,3000.0,58.7,2.9,808.66,2134.72,1.0
17-10-28_00:02:48,22.0,0.0,3000.0,58.7,2.9,808.66,2134.72,1.0
17-10-28_00:02:48,22.0,0.0,3000.0,58.7,2.9,808.66,2134.72,1.0
17-10-28_00:02:48,22.0,0.0,3000.0,58.7,2.9,808.66,2134.72,1.0
17-10-28_00:02:48,22.0,0.0,3000.0,58.7,2.9,808.66,2134.72,1.0
17-10-28_00:02:48,22.0,0.0,3000.0,58.7,2.9,808.66,2134.72,1.0
17-10-28_00:02:48,22.0,0.0,3000.0,58.7,2.9,808.66,2134.72,1.0
17-10-28_00:02:48,22.0,0.0,3000.0,58.7,2.9,808.66,2134.72,1.0
17-10-28_00:02:48,22.0,0.0,3000.0,58.7,2.9,808.66,2134.72,1.0
17-10-28_00:02:48,22.0,0.0,3000.0,58.7,2.9,808.66,2134.72,1.0
17-10-28_00:02:48,22.0,0.0,3000.0,58.7,2.9,808.66,2134.72,1.0
17-10-28_00:02:48,22.0,0.0,3000.0,58.7,2.9,808.66,2134.72,1.0
17-10-28_00:02:48,22.0,0.0,3000.0,58.7,2.9,808.66,2134.72,1.0
17-10-28_00:02:48,22.0,0.0,3000.0,58.7,2.9,808.66,2134.72,1.0
17-10-28_00:02:48,22.0,0.0,3000.0,58.7,2.9,808.66,2134.72,1.0
17-10-28_00:02:48,22.0,0.0,3000.0,58.7,2.9,808.66,2134.72,1.0
17-10-28_00:02:48,22.0,0.0,3000.0,58.7,2.9,808.66,2134.72,1.0
17-10-28_00:02:48,22.0,0.0,3000.0,58.7,2.9,808.66,2134.72,1.0
17-10-28_00:02:48,22.0,0.0,3000.0,58.7,2.9,808.66,2134.72,1.0
17-10-28_00:02:48,22.0,0.0,3000.0,58.7,2.9,808.66,2134.72,1.0
17-10-28_00:02:48,22.0,0.0,3000.0,58.7,2.9,808.66,2134.72,1.0
17-10-28_00:02:48,22.0,0.0,3000.0,58.7,2.9,808.66,2134.72,1.0
17-10-28_00:02:48,22.0,0.0,3000.0,58.7,2.9,808.66,2134.72,1.0
17-10-28_00:02:48,22.0,0.0,3000.0,58.7,2.9,808.66,2134.72,1.0
17-10-28_00:02:48,22.0,0.0,3000.0,58.7,2.9,808.66,2134.72,1.0
17-10-28_00:02:48,22.0,0.0,3000.0,58.7,2.9,808.66,2134.72,1.0
17-10-28_00:02:48,22.0,0.0,3000.0,58.7,2.9,808.66,2134.72,1.0
17-10-28_00:02:48,22.0,0.0,3000.0,58.7,2.9,808.66,2134.72,1.0
17-10-28_00:02:48,22.0,0.0,3000.0,58.7,2.9,808.66,2134.72,1.0
17-10-28_00:02:48,22.0,0.0,3.4,58.7,2.9,808.66,2134.72,1.0
17-10-28_00:02:48,22.0,0.0,3.4,58.7,2.9,808.66,2134.72,1.0
17-10-28_00:02:48,22.0,0.0,3.4,58.7,2.9,808.66,2134.72,1.0
17-10-28_00:02:48,22.0,0.0,3.4,58.7,2.9,808.66,2134.72,1.0
17-10-28_00:02:48,22.0,0.0,3.4,58.7,2.9,808.66,2134.72,1.0
17-10-28_00:02:48,22.0,0.0,3.4,58.7,2.9,808.66,2134.72,1.0
17-10-28_00:02:48,22.0,0.0,3.4,58.7,2.9,808.66,2134.72,1.0
17-10-28_00:02:48,22.0,0.0,3.4,58.7,2.9,808.66,2134.72,1.0
17-10-28_00:02:48,22.0,0.0,3.4,58.7,2.9,808.66,2134.72,1.0
17-10-28_00:02:48,22.0,0.0,3.4,58.7,2.9,808.66,2134.72,1.0
17-10-28_00:02:48,22.0,0.0,3.4,58.7,2.9,808.66,2134.72,1.0
17-10-28_00:02:48,22.0,0.0,3.4,58.7,2.9,808.66,2134.72,1.0
17-10-28_00:02:48,22.0,0.0,3.4,58.7,2.9,808.66,2134.72,1.0
17-10-28_00:02:48,22.0,0.0,3.4,58.7,2.9,808.66,2134.72,1.0
17-10-28_00:02:48,22.0,0.0,3.4,58.7,2.9,808.66,2134.72,1.0
17-10-28_00:02:48,22.0,0.0,3.4,58.7,2.9,808.66,2134.72,1.0
17-10-28_00:02:48,22.0,0.0,3.4,58.7,2.9,808.66,2134.72,1.0
17-10-28_00:02:48,22.0,0.0,3.4,58.7,2.9,808.66,2134.72,1.0
17-10-28_00:02:48,22.0,0.0,3.4,58.7,2.9,808.66,2134.72,1.0
17-10-28_00:02:48,22.0,0.0,3.4,58.7,2.9,808.66,2134.72,1.0
17-10-28_00:02:48,22.0,0.0,3.4,58.7,2.9,808.66,2134.72,1.0
17-10-28_00:02:48,22.0,0.0,3.4,58.7,2.9,808.66,2134.72,1.0
17-10-28_00:02:48,22.0,0.0,3.4,58.7,2.9,808.66,2134.72,1.0
17-10-28_00:02:48,22.0,0.0,3.4,58.7,2.9,808.66,2134.72,1.0
17-10-28_00:02:48,22.0,0.0,3.4,58.7,2.9,808.66,2134.72,1.0
17-10-28_00:02:48,22.0,0.0,3.4,58.7,2.9,808.66,2134.72,1.0
17-10-28_00:02:48,22.0,0.0,3.4,58.7,2.9,808.66,2134.72,1.0
17-10-28_00:02:48,22.0,0.0,3.4,58.7,2.9,808.66,2134.72,1.0
17-10-28_00:02:48,22.0,0.0,3.4,58.7,2.9,808.66,2134.72,1.0
17-10-28_00:02:48,22.0,0.0,3.4,58.7,2.9,808.66,2134.72,1.0
17-10-28_00:02:48,22.0,0.0,3.4,58.7,2.9,808.66,2134.72,1.0
17-10-28_00:02:48,22.0,0.0,3.4,58.7,2.9,808.66,2134.72,1.0
17-10-28_00:02:48,22.0,0.0,100700.0,58.7,2.9,808.66,2134.72,1.0
17-10-28_00:02:48,22.0,0.0,100700.0,58.7,2.9,808.66,2134.72,1.0
17-10-28_00:02:48,22.0,0.0,100700.0,58.7,2.9,808.66,2134.72,1.0
17-10-28_00:02:48,22.0,0.0,100700.0,58.7,2.9,808.66,2134.72,1.0
17-10-28_00:02:48,22.0,0.0,100700.0,58.7,2.9,808.66,2134.72,1.0
17-10-28_00:02:48,22.0,0.0,100700.0,58.7,2.9,808.66,2134.72,1.0
17-10-28_00:02:48,22.0,0.0,100700.0,58.7,2.9,808.66,2134.72,1.0
17-10-28_00:02:48,22.0,0.0,100700.0,58.7,2.9,808.66,2134.72,1.0
17-10-28_00:02:48,22.0,0.0,100700.0,58.7,2.9,808.66,2134.72,1.0
17-10-28_00:02:48,22.0,0.0,100700.0,58.7,2.9,808.66,2134.72,1.0
17-10-28_00:02:48,22.0,0.0,100700.0,58.7,2.9,808.66,2134.72,1.0
17-10-28_00:02:48,22.0,0.0,100700.0,58.7,2.9,808.66,2134.72,1.0
17-10-28_00:02:48,22.0,0.0,100700.0,58.7,2.9,808.66,2134.72,1.0
17-10-28_00:02:48,22.0,0.0,100700.0,58.7,2.9,808.66,2134.72,1.0
17-10-28_00:02:48,22.0,0.0,100700.0,58.7,2.9,808.66,2134.72,1.0
17-10-28_00:02:48,22.0,0.0,100700.0,58.7,2.9,808.66,2134.72,1.0
17-10-28_00:02:48,22.0,0.0,4000.0,58.7,2.9,808.66,2134.72,1.0
17-10-28_00:02:48,22.0,0.0,4000.0,58.7,2.9,808.66,2134.72,1.0
17-10-28_00:02:48,22.0,0.0,4000.0,58.7,2.9,808.66,2134.72,1.0
17-10-28_00:02:48,22.0,0.0,4000.0,58.7,2.9,808.66,2134.72,1.0
17-10-28_00:02:48,22.0,0.0,4000.0,58.7,2.9,808.66,2134.72,1.0
17-10-28_00:02:48,22.0,0.0,4000.0,58.7,2.9,808.66,2134.72,1.0
17-10-28_00:02:48,22.0,0.0,4000.0,58.7,2.9,808.66,2134.72,1.0
17-10-28_00:02:48,22.0,0.0,4000.0,58.7,2.9,808.66,2134.72,1.0
17-10-28_00:02:48,22.0,0.0,4000.0,58.7,2.9,808.66,2134.72,1.0
17-10-28_00:02:48,22.0,0.0,4000.0,58.7,2.9,808.66,2134.72,1.0
17-10-28_00:02:48,22.0,0.0,4000.0,58.7,2.9,808.66,2134.72,1.0
17-10-28_00:02:48,22.0,0.0,4000.0,58.7,2.9,808.66,2134.72,1.0
17-10-28_00:02:48,22.0,0.0,4000.0,58.7,2.9,808.66,2134.72,1.0
17-10-28_00:02:48,22.0,0.0,4000.0,58.7,2.9,808.66,2134.72,1.0
17-10-28_00:02:48,22.0,0.0,4000.0,58.7,2.9,808.66,2134.72,1.0
17-10-28_00:02:48,22.0,0.0,4000.0,58.7,2.9,808.66,2134.72,1.0
17-10-28_00:02:48,22.0,0.0,4000.0,58.7,2.9,808.66,2134.72,1.0
17-10-28_00:02:48,22.0,0.0,4000.0,58.7,2.9,808.66,2134.72,1.0
17-10-28_00:02:48,22.0,0.0,4000.0,58.7,2.9,808.66,2134.72,1.0
17-10-28_00:02:48,22.0,0.0,4000.0,58.7,2.9,808.66,2134.72,1.0
17-10-28_00:02:48,22.0,0.0,4000.0,58.7,2.9,808.66,2134.72,1.0
17-10-28_00:02:48,22.0,0.0,4000.0,58.7,2.9,808.66,2134.72,1.0
17-10-28_00:02:48,22.0,0.0,4000.0,58.7,2.9,808.66,2134.72,1.0
17-10-28_00:02:48,22.0,0.0,4000.0,58.7,2.9,808.66,2134.72,1.0
17-10-28_00:02:48,22.0,0.0,4000.0,58.7,2.9,808.66,2134.72,1.0
17-10-28_00:02:48,22.0,0.0,4000.0,58.7,2.9,808.66,2134.72,1.0
17-10-28_00:02:48,22.0,0.0,4000.0,58.7,2.9,808.66,2134.72,1.0
17-10-28_00:02:48,22.0,0.0,4000.0,58.7,2.9,808.66,2134.72,1.0
17-10-28_00:02:48,22.0,0.0,4000.0,58.7,2.9,808.66,2134.72,1.0
17-10-28_00:02:48,22.0,0.0,4000.0,58.7,2.9,808.66,2134.72,1.0
17-10-28_00:02:48,22.0,0.0,4000.0,58.7,2.9,808.66,2134.72,1.0
17-10-28_00:02:48,22.0,0.0,4000.0,58.7,2.9,808.66,2134.72,1.0
17-10-28_00:02:48,22.0,0.0,909.1,58.7,2.9,808.66,2134.72,1.0
17-10-28_00:02:48,22.0,0.0,909.1,58.7,2.9,808.66,2134.72,1.0
17-10-28_00:02:48,22.0,0.0,909.1,58.7,2.9,808.66,2134.72,1.0
17-10-28_00:02:48,22.0,0.0,909.1,58.7,2.9,808.66,2134.72,1.0
17-10-28_00:02:48,22.0,0.0,909.1,58.7,2.9,808.66,2134.72,1.0
17-10-28_00:02:48,22.0,0.0,909.1,58.7,2.9,808.66,2134.72,1.0
17-10-28_00:02:48,22.0,0.0,909.1,58.7,2.9,808.66,2134.72,1.0
17-10-28_00:02:48,22.0,0.0,909.1,58.7,2.9,808.66,2134.72,1.0
17-10-28_00:02:48,22.0,0.0,909.1,58.7,2.9,808.66,2134.72,1.0
17-10-28_00:02:48,22.0,0.0,909.1,58.7,2.9,808.66,2134.72,1.0
17-10-28_00:02:48,22.0,0.0,909.1,58.7,2.9,808.66,2134.72,1.0
17-10-28_00:02:48,22.0,0.0,909.1,58.7,2.9,808.66,2134.72,1.0
17-10-28_00:02:48,22.0,0.0,909.1,58.7,2.9,808.66,2134.72,1.0
17-10-28_00:02:48,22.0,0.0,909.1,58.7,2.9,808.66,2134.72,1.0
17-10-28_00:02:48,22.0,0.0,909.1,58.7,2.9,808.66,2134.72,1.0
17-10-28_00:02:48,22.0,0.0,909.1,58.7,2.9,808.66,2134.72,1.0
17-10-28_00:02:48,22.0,0.0,4000.0,58.7,2.9,808.66,2134.72,1.0
17-10-28_00:02:48,22.0,0.0,4000.0,58.7,2.9,808.66,2134.72,1.0
17-10-28_00:02:48,22.0,0.0,4000.0,58.7,2.9,808.66,2134.72,1.0
17-10-28_00:02:48,22.0,0.0,4000.0,58.7,2.9,808.66,2134.72,1.0
17-10-28_00:02:48,22.0,0.0,4000.0,58.7,2.9,808.66,2134.72,1.0
17-10-28_00:02:48,22.0,0.0,4000.0,58.7,2.9,808.66,2134.72,1.0
17-10-28_00:02:48,22.0,0.0,4000.0,58.7,2.9,808.66,2134.72,1.0
17-10-28_00:02:48,22.0,0.0,4000.0,58.7,2.9,808.66,2134.72,1.0
17-10-28_00:02:48,22.0,0.0,4000.0,58.7,2.9,808.66,2134.72,1.0
17-10-28_00:02:48,22.0,0.0,4000.0,58.7,2.9,808.66,2134.72,1.0
17-10-28_00:02:48,22.0,0.0,4000.0,58.7,2.9,808.66,2134.72,1.0
17-10-28_00:02:48,22.0,0.0,4000.0,58.7,2.9,808.66,2134.72,1.0
17-10-28_00:02:48,22.0,0.0,4000.0,58.7,2.9,808.66,2134.72,1.0
17-10-28_00:02:48,22.0,0.0,4000.0,58.7,2.9,808.66,2134.72,1.0
17-10-28_00:02:48,22.0,0.0,4000.0,58.7,2.9,808.66,2134.72,1.0
17-10-28_00:02:48,22.0,0.0,4000.0,58.7,2.9,808.66,2134.72,1.0
17-10-28_00:02:48,22.0,0.0,4000.0,58.7,2.9,808.66,2134.72,1.0
17-10-28_00:02:48,22.0,0.0,4000.0,58.7,2.9,808.66,2134.72,1.0
17-10-28_00:02:48,22.0,0.0,4000.0,58.7,2.9,808.66,2134.72,1.0
17-10-28_00:02:48,22.0,0.0,4000.0,58.7,2.9,808.66,2134.72,1.0
17-10-28_00:02:48,22.0,0.0,4000.0,58.7,2.9,808.66,2134.72,1.0
17-10-28_00:02:48,22.0,0.0,4000.0,58.7,2.9,808.66,2134.72,1.0
17-10-28_00:02:48,22.0,0.0,4000.0,58.7,2.9,808.66,2134.72,1.0
17-10-28_00:02:48,22.0,0.0,4000.0,58.7,2.9,808.66,2134.72,1.0
17-10-28_00:02:48,22.0,0.0,4000.0,58.7,2.9,808.66,2134.72,1.0
17-10-28_00:02:48,22.0,0.0,4000.0,58.7,2.9,808.66,2134.72,1.0
17-10-28_00:02:48,22.0,0.0,4000.0,58.7,2.9,808.66,2134.72,1.0
17-10-28_00:02:48,22.0,0.0,4000.0,58.7,2.9,808.66,2134.72,1.0
17-10-28_00:02:48,22.0,0.0,4000.0,58.7,2.9,808.66,2134.72,1.0
17-10-28_00:02:48,22.0,0.0,4000.0,58.7,2.9,808.66,2134.72,1.0
17-10-28_00:02:48,22.0,0.0,4000.0,58.7,2.9,808.66,2134.72,1.0
17-10-28_00:02:48,22.0,0.0,4000.0,58.7,2.9,808.66,2134.72,1.0
17-10-28_00:02:48,22.0,0.0,4000.0,58.7,2.9,808.66,2134.72,1.0
17-10-28_00:02:48,22.0,0.0,4000.0,58.7,2.9,808.66,2134.72,1.0
17-10-28_00:02:48,22.0,0.0,4000.0,58.7,2.9,808.66,2134.72,1.0
17-10-28_00:02:48,22.0,0.0,4000.0,58.7,2.9,808.66,2134.72,1.0
17-10-28_00:02:48,22.0,0.0,4000.0,58.7,2.9,808.66,2134.72,1.0
17-10-28_00:02:48,22.0,0.0,4000.0,58.7,2.9,808.66,2134.72,1.0
17-10-28_00:02:48,22.0,0.0,4000.0,58.7,2.9,808.66,2134.72,1.0
17-10-28_00:02:48,22.0,0.0,4000.0,58.7,2.9,808.66,2134.72,1.0
17-10-28_00:02:48,22.0,0.0,4000.0,58.7,2.9,808.66,2134.72,1.0
17-10-28_00:02:48,22.0,0.0,4000.0,58.7,2.9,808.66,2134.72,1.0
17-10-28_00:02:48,22.0,0.0,4000.0,58.7,2.9,808.66,2134.72,1.0
17-10-28_00:02:48,22.0,0.0,4000.0,58.7,2.9,808.66,2134.72,1.0
17-10-28_00:02:48,22.0,0.0,4000.0,58.7,2.9,808.66,2134.72,1.0
17-10-28_00:02:48,22.0,0.0,4000.0,58.7,2.9,808.66,2134.72,1.0
17-10-28_00:02:48,22.0,0.0,4000.0,58.7,2.9,808.66,2134.72,1.0
17-10-28_00:02:48,22.0,0.0,4000.0,58.7,2.9,808.66,2134.72,1.0
17-10-28_00:02:48,22.0,0.0,4000.0,58.7,2.9,808.66,2134.72,1.0
17-10-28_00:02:48,22.0,0.0,4000.0,58.7,2.9,808.66,2134.72,1.0
17-10-28_00:02:48,22.0,0.0,4000.0,58.7,2.9,808.66,2134.72,1.0
17-10-28_00:02:48,22.0,0.0,4000.0,58.7,2.9,808.66,2134.72,1.0
17-10-28_00:02:48,22.0,0.0,4000.0,58.7,2.9,808.66,2134.72,1.0
17-10-28_00:02:48,22.0,0.0,4000.0,58.7,2.9,808.66,2134.72,1.0
17-10-28_00:02:48,22.0,0.0,4000.0,58.7,2.9,808.66,2134.72,1.0
17-10-28_00:02:48,22.0,0.0,4000.0,58.7,2.9,808.66,2134.72,1.0
17-10-28_00:02:48,22.0,0.0,4000.0,58.7,2.9,808.66,2134.72,1.0
17-10-28_00:02:48,22.0,0.0,4000.0,58.7,2.9,808.66,2134.72,1.0
17-10-28_00:02:48,22.0,0.0,4000.0,58.7,2.9,808.66,2134.72,1.0
17-10-28_00:02:48,22.0,0.0,4000.0,58.7,2.9,808.66,2134.72,1.0
17-10-28_00:02:48,22.0,0.0,4000.0,58.7,2.9,808.66,2134.72,1.0
17-10-28_00:02:48,22.0,0.0,4000.0,58.7,2.9,808.66,2134.72,1.0
17-10-28_00:02:48,22.0,0.0,4000.0,58.7,2.9,808.66,2134.72,1.0
17-10-28_00:02:48,22.0,0.0,4000.0,58.7,2.9,808.66,2134.72,1.0
17-10-28_00:02:48,22.0,0.0,4000.0,58.7,2.9,808.66,2134.72,1.0
17-10-28_00:02:48,22.0,0.0,4000.0,58.7,2.9,808.66,2134.72,1.0
17-10-28_00:02:48,22.0,0.0,4000.0,58.7,2.9,808.66,2134.72,1.0
17-10-28_00:02:48,22.0,0.0,4000.0,58.7,2.9,808.66,2134.72,1.0
17-10-28_00:02:48,22.0,0.0,4000.0,58.7,2.9,808.66,2134.72,1.0
17-10-28_00:02:48,22.0,0.0,4000.0,58.7,2.9,808.66,2134.72,1.0
17-10-28_00:02:48,22.0,0.0,4000.0,58.7,2.9,808.66,2134.72,1.0
17-10-28_00:02:48,22.0,0.0,4000.0,58.7,2.9,808.66,2134.72,1.0
17-10-28_00:02:48,22.0,0.0,4000.0,58.7,2.9,808.66,2134.72,1.0
17-10-28_00:02:48,22.0,0.0,4000.0,58.7,2.9,808.66,2134.72,1.0
17-10-28_00:02:48,22.0,0.0,4000.0,58.7,2.9,808.66,2134.72,1.0
17-10-28_00:02:48,22.0,0.0,4000.0,58.7,2.9,808.66,2134.72,1.0
17-10-28_00:02:48,22.0,0.0,4000.0,58.7,2.9,808.66,2134.72,1.0
17-10-28_00:02:48,22.0,0.0,4000.0,58.7,2.9,808.66,2134.72,1.0
17-10-28_00:02:48,22.0,0.0,4000.0,58.7,2.9,808.66,2134.72,1.0
17-10-28_00:02:48,22.0,0.0,4000.0,58.7,2.9,808.66,2134.72,1.0
17-10-28_00:02:48,22.0,0.0,4000.0,58.7,2.9,808.66,2134.72,1.0
17-10-28_00:02:48,22.0,0.0,4000.0,58.7,2.9,808.66,2134.72,1.0
17-10-28_00:02:48,22.0,0.0,4000.0,58.7,2.9,808.66,2134.72,1.0
17-10-28_00:02:48,22.0,0.0,4000.0,58.7,2.9,808.66,2134.72,1.0
17-10-28_00:02:48,22.0,0.0,4000.0,58.7,2.9,808.66,2134.72,1.0
17-10-28_00:02:48,22.0,0.0,4000.0,58.7,2.9,808.66,2134.72,1.0
17-10-28_00:02:48,22.0,0.0,4000.0,58.7,2.9,808.66,2134.72,1.0
17-10-28_00:02:48,22.0,0.0,4000.0,58.7,2.9,808.66,2134.72,1.0
17-10-28_00:02:48,22.0,0.0,4000.0,58.7,2.9,808.66,2134.72,1.0
17-10-28_00:02:48,22.0,0.0,4000.0,58.7,2.9,808.66,2134.72,1.0
17-10-28_00:02:48,22.0,0.0,4000.0,58.7,2.9,808.66,2134.72,1.0
17-10-28_00:02:48,22.0,0.0,4000.0,58.7,2.9,808.66,2134.72,1.0
17-10-28_00:02:48,22.0,0.0,4000.0,58.7,2.9,808.66,2134.72,1.0
17-10-28_00:02:48,22.0,0.0,4000.0,58.7,2.9,808.66,2134.72,1.0
17-10-28_00:02:48,22.0,0.0,4000.0,58.7,2.9,808.66,2134.72,1.0
17-10-28_00:02:48,22.0,0.0,4000.0,58.7,2.9,808.66,2134.72,1.0
17-10-28_00:02:48,22.0,0.0,164.4,58.7,2.9,808.66,2134.72,1.0
17-10-28_00:02:48,22.0,0.0,164.4,58.7,2.9,808.66,2134.72,1.0
17-10-28_00:02:48,22.0,0.0,164.4,58.7,2.9,808.66,2134.72,1.0
17-10-28_00:02:48,22.0,0.0,164.4,58.7,2.9,808.66,2134.72,1.0
17-10-28_00:02:48,22.0,0.0,164.4,58.7,2.9,808.66,2134.72,1.0
17-10-28_00:02:48,22.0,0.0,164.4,58.7,2.9,808.66,2134.72,1.0
17-10-28_00:02:48,22.0,0.0,164.4,58.7,2.9,808.66,2134.72,1.0
17-10-28_00:02:48,22.0,0.0,164.4,58.7,2.9,808.66,2134.72,1.0
17-10-28_00:02:48,22.0,0.0,164.4,58.7,2.9,808.66,2134.72,1.0
17-10-28_00:02:48,22.0,0.0,164.4,58.7,2.9,808.66,2134.72,1.0
17-10-28_00:02:48,22.0,0.0,164.4,58.7,2.9,808.66,2134.72,1.0
17-10-28_00:02:48,22.0,0.0,164.4,58.7,2.9,808.66,2134.72,1.0
17-10-28_00:02:48,22.0,0.0,164.4,58.7,2.9,808.66,2134.72,1.0
17-10-28_00:02:48,22.0,0.0,164.4,58.7,2.9,808.66,2134.72,1.0
17-10-28_00:02:48,22.0,0.0,164.4,58.7,2.9,808.66,2134.72,1.0
17-10-28_00:02:48,22.0,0.0,164.4,58.7,2.9,808.66,2134.72,1.0
17-10-28_00:02:48,22.0,0.0,1355.9,58.7,2.9,808.66,2134.72,1.0
17-10-28_00:02:48,22.0,0.0,1355.9,58.7,2.9,808.66,2134.72,1.0
17-10-28_00:02:48,22.0,0.0,1355.9,58.7,2.9,808.66,2134.72,1.0
17-10-28_00:02:48,22.0,0.0,1355.9,58.7,2.9,808.66,2134.72,1.0
17-10-28_00:02:48,22.0,0.0,1355.9,58.7,2.9,808.66,2134.72,1.0
17-10-28_00:02:48,22.0,0.0,1355.9,58.7,2.9,808.66,2134.72,1.0
17-10-28_00:02:48,22.0,0.0,1355.9,58.7,2.9,808.66,2134.72,1.0
17-10-28_00:02:48,22.0,0.0,1355.9,58.7,2.9,808.66,2134.72,1.0
17-10-28_00:02:48,22.0,0.0,1355.9,58.7,2.9,808.66,2134.72,1.0
17-10-28_00:02:48,22.0,0.0,1355.9,58.7,2.9,808.66,2134.72,1.0
17-10-28_00:02:48,22.0,0.0,1355.9,58.7,2.9,808.66,2134.72,1.0
17-10-28_00:02:48,22.0,0.0,1355.9,58.7,2.9,808.66,2134.72,1.0
17-10-28_00:02:48,22.0,0.0,1355.9,58.7,2.9,808.66,2134.72,1.0
17-10-28_00:02:48,22.0,0.0,1355.9,58.7,2.9,808.66,2134.72,1.0
17-10-28_00:02:48,22.0,0.0,1355.9,58.7,2.9,808.66,2134.72,1.0
17-10-28_00:02:48,22.0,0.0,1355.9,58.7,2.9,808.66,2134.72,1.0
17-10-28_00:02:48,22.0,0.0,4000.0,58.7,2.9,808.66,2134.72,1.0
17-10-28_00:02:48,22.0,0.0,4000.0,58.7,2.9,808.66,2134.72,1.0
17-10-28_00:02:48,22.0,0.0,4000.0,58.7,2.9,808.66,2134.72,1.0
17-10-28_00:02:48,22.0,0.0,4000.0,58.7,2.9,808.66,2134.72,1.0
17-10-28_00:02:48,22.0,0.0,4000.0,58.7,2.9,808.66,2134.72,1.0
17-10-28_00:02:48,22.0,0.0,4000.0,58.7,2.9,808.66,2134.72,1.0
17-10-28_00:02:48,22.0,0.0,4000.0,58.7,2.9,808.66,2134.72,1.0
17-10-28_00:02:48,22.0,0.0,4000.0,58.7,2.9,808.66,2134.72,1.0
17-10-28_00:02:48,22.0,0.0,4000.0,58.7,2.9,808.66,2134.72,1.0
17-10-28_00:02:48,22.0,0.0,4000.0,58.7,2.9,808.66,2134.72,1.0
17-10-28_00:02:48,22.0,0.0,4000.0,58.7,2.9,808.66,2134.72,1.0
17-10-28_00:02:48,22.0,0.0,4000.0,58.7,2.9,808.66,2134.72,1.0
17-10-28_00:02:48,22.0,0.0,4000.0,58.7,2.9,808.66,2134.72,1.0
17-10-28_00:02:48,22.0,0.0,4000.0,58.7,2.9,808.66,2134.72,1.0
17-10-28_00:02:48,22.0,0.0,4000.0,58.7,2.9,808.66,2134.72,1.0
17-10-28_00:02:48,22.0,0.0,4000.0,58.7,2.9,808.66,2134.72,1.0
17-10-28_00:02:48,22.0,0.0,4.0,58.7,2.9,808.66,2134.72,1.0
17-10-28_00:02:48,22.0,0.0,4.0,58.7,2.9,808.66,2134.72,1.0
17-10-28_00:02:48,22.0,0.0,4.0,58.7,2.9,808.66,2134.72,1.0
17-10-28_00:02:48,22.0,0.0,4.0,58.7,2.9,808.66,2134.72,1.0
17-10-28_00:02:48,22.0,0.0,4.0,58.7,2.9,808.66,2134.72,1.0
17-10-28_00:02:48,22.0,0.0,4.0,58.7,2.9,808.66,2134.72,1.0
17-10-28_00:02:48,22.0,0.0,4.0,58.7,2.9,808.66,2134.72,1.0
17-10-28_00:02:48,22.0,0.0,4.0,58.7,2.9,808.66,2134.72,1.0
17-10-28_00:02:48,22.0,0.0,4.0,58.7,2.9,808.66,2134.72,1.0
17-10-28_00:02:48,22.0,0.0,4.0,58.7,2.9,808.66,2134.72,1.0
17-10-28_00:02:48,22.0,0.0,4.0,58.7,2.9,808.66,2134.72,1.0
17-10-28_00:02:48,22.0,0.0,4.0,58.7,2.9,808.66,2134.72,1.0
17-10-28_00:02:48,22.0,0.0,4.0,58.7,2.9,808.66,2134.72,1.0
17-10-28_00:02:48,22.0,0.0,4.0,58.7,2.9,808.66,2134.72,1.0
17-10-28_00:02:48,22.0,0.0,4.0,58.7,2.9,808.66,2134.72,1.0
17-10-28_00:02:48,22.0,0.0,4.0,58.7,2.9,808.66,2134.72,1.0
17-10-28_00:07:21,181.0,238.5,0.0,0.1,0.1,746.01,2022.38,1.0
17-10-28_00:07:21,181.0,23.1,0.0,0.1,0.1,746.01,2022.38,1.0
17-10-28_00:07:21,181.0,4.9,0.0,0.1,0.1,746.01,2022.38,1.0
17-10-28_00:07:21,181.0,2.8,0.0,0.1,0.1,746.01,2022.38,1.0
17-10-28_00:07:31,181.0,4.8,0.0,64.4,3.2,746.01,2022.38,1.0
17-10-28_00:07:31,181.0,2.6,0.0,64.4,3.2,746.01,2022.38,1.0
17-10-28_00:07:34,181.0,3.9,0.0,64.4,3.2,746.01,2022.38,1.0
17-10-28_00:07:34,181.0,4.0,0.0,64.4,3.2,746.01,2022.38,1.0
17-10-28_00:07:34,181.0,38000.0,0.0,64.4,3.2,746.01,2022.38,1.0
17-10-28_00:07:34,181.0,4000.0,0.0,64.4,3.2,746.01,2022.38,1.0
17-10-28_00:07:34,181.0,1355.9,0.0,64.4,3.2,746.01,2022.38,1.0
17-10-28_00:07:34,181.0,9500.0,0.0,64.4,3.2,746.01,2022.38,1.0
17-10-28_00:07:34,181.0,3000.0,0.0,64.4,3.2,746.01,2022.38,1.0
17-10-28_00:07:35,181.0,32900.0,0.0,64.4,3.2,746.01,2022.38,1.0
17-10-28_00:07:35,181.0,4000.0,0.0,64.4,3.2,746.01,2022.38,1.0
17-10-28_00:07:35,181.0,4000.0,0.0,64.4,3.2,746.01,2022.38,1.0
17-10-28_00:07:35,181.0,4000.0,0.0,64.4,3.2,746.01,2022.38,1.0
17-10-28_00:07:35,181.0,4000.0,0.0,64.4,3.2,746.01,2022.38,1.0
17-10-28_00:07:35,181.0,4000.0,0.0,64.4,3.2,746.01,2022.38,1.0
17-10-28_00:07:35,181.0,4000.0,0.0,64.4,3.2,746.01,2022.38,1.0
17-10-28_00:07:35,181.0,4000.0,0.0,64.4,3.2,746.01,2022.38,1.0
17-10-28_00:07:35,181.0,4000.0,0.0,64.4,3.2,746.01,2022.38,1.0
17-10-28_00:07:35,181.0,909.1,0.0,64.4,3.2,746.01,2022.38,1.0
17-10-28_00:07:35,181.0,32900.0,0.0,64.4,3.2,746.01,2022.38,1.0
17-10-28_00:07:35,181.0,164.4,0.0,64.4,3.2,746.01,2022.38,1.0
17-10-28_00:07:35,181.0,6.0,0.0,64.4,3.2,746.01,2022.38,1.0
17-10-28_00:07:35,181.0,3.3,0.0,64.4,3.2,746.01,2022.38,1.0
17-10-28_00:07:39,181.0,6.3,0.0,65.1,2.3,746.01,2022.38,1.0
17-10-28_00:07:39,181.0,3.4,0.0,65.1,2.3,746.01,2022.38,1.0
17-10-28_00:10:08,181.0,4.4,0.0,25.8,0.1,770.06,2422.26,1.0
17-10-28_00:10:08,181.0,4.4,0.0,25.8,0.1,770.06,2422.26,1.0
17-10-28_00:10:08,181.0,4.4,0.0,25.8,0.1,770.06,2422.26,1.0
17-10-28_00:10:08,181.0,4.4,0.0,25.8,0.1,770.06,2422.26,1.0
17-10-28_00:10:08,181.0,4.4,0.0,25.8,0.1,770.06,2422.26,1.0
17-10-28_00:10:08,181.0,4.4,0.0,25.8,0.1,770.06,2422.26,1.0
17-10-28_00:10:08,181.0,4.4,0.0,25.8,0.1,770.06,2422.26,1.0
17-10-28_00:10:08,181.0,4.4,0.0,25.8,0.1,770.06,2422.26,1.0
17-10-28_00:10:08,181.0,4.4,0.0,25.8,0.1,770.06,2422.26,1.0
17-10-28_00:10:08,181.0,4.4,0.0,25.8,0.1,770.06,2422.26,1.0
17-10-28_00:10:08,181.0,4.4,0.0,25.8,0.1,770.06,2422.26,1.0
17-10-28_00:10:08,181.0,4.4,0.0,25.8,0.1,770.06,2422.26,1.0
17-10-28_00:10:08,181.0,4.4,0.0,25.8,0.1,770.06,2422.26,1.0
17-10-28_00:10:08,181.0,4.4,0.0,25.8,0.1,770.06,2422.26,1.0
17-10-28_00:10:08,181.0,4.4,0.0,25.8,0.1,770.06,2422.26,1.0
17-10-28_00:10:08,181.0,4.4,0.0,25.8,0.1,770.06,2422.26,1.0
17-10-28_00:10:08,181.0,2.4,0.0,25.8,0.1,770.06,2422.26,1.0
17-10-28_00:10:08,181.0,2.4,0.0,25.8,0.1,770.06,2422.26,1.0
17-10-28_00:10:08,181.0,2.4,0.0,25.8,0.1,770.06,2422.26,1.0
17-10-28_00:10:08,181.0,2.4,0.0,25.8,0.1,770.06,2422.26,1.0
17-10-28_00:10:08,181.0,2.4,0.0,25.8,0.1,770.06,2422.26,1.0
17-10-28_00:10:08,181.0,2.4,0.0,25.8,0.1,770.06,2422.26,1.0
17-10-28_00:10:08,181.0,2.4,0.0,25.8,0.1,770.06,2422.26,1.0
17-10-28_00:10:08,181.0,2.4,0.0,25.8,0.1,770.06,2422.26,1.0
17-10-28_00:10:08,181.0,2.4,0.0,25.8,0.1,770.06,2422.26,1.0
17-10-28_00:10:08,181.0,2.4,0.0,25.8,0.1,770.06,2422.26,1.0
17-10-28_00:10:08,181.0,2.4,0.0,25.8,0.1,770.06,2422.26,1.0
17-10-28_00:10:08,181.0,2.4,0.0,25.8,0.1,770.06,2422.26,1.0
17-10-28_00:10:08,181.0,2.4,0.0,25.8,0.1,770.06,2422.26,1.0
17-10-28_00:10:08,181.0,2.4,0.0,25.8,0.1,770.06,2422.26,1.0
17-10-28_00:10:08,181.0,2.4,0.0,25.8,0.1,770.06,2422.26,1.0
17-10-28_00:10:08,181.0,2.4,0.0,25.8,0.1,770.06,2422.26,1.0
17-10-28_00:10:11,181.0,70.5,0.0,28.2,0.3,770.06,2422.26,1.0
17-10-28_00:10:11,181.0,25.0,0.0,28.2,0.3,770.06,2422.26,1.0
17-10-28_00:10:16,181.0,4.9,0.0,28.2,0.3,770.06,2422.26,1.0
17-10-28_00:10:16,181.0,4.9,0.0,28.2,0.3,770.06,2422.26,1.0
17-10-28_00:10:16,181.0,4.9,0.0,28.2,0.3,770.06,2422.26,1.0
17-10-28_00:10:16,181.0,4.9,0.0,28.2,0.3,770.06,2422.26,1.0
17-10-28_00:10:16,181.0,4.9,0.0,28.2,0.3,770.06,2422.26,1.0
17-10-28_00:10:16,181.0,4.9,0.0,28.2,0.3,770.06,2422.26,1.0
17-10-28_00:10:16,181.0,4.9,0.0,28.2,0.3,770.06,2422.26,1.0
17-10-28_00:10:16,181.0,4.9,0.0,28.2,0.3,770.06,2422.26,1.0
17-10-28_00:10:16,181.0,4.9,0.0,28.2,0.3,770.06,2422.26,1.0
17-10-28_00:10:16,181.0,4.9,0.0,28.2,0.3,770.06,2422.26,1.0
17-10-28_00:10:16,181.0,4.9,0.0,28.2,0.3,770.06,2422.26,1.0
17-10-28_00:10:16,181.0,4.9,0.0,28.2,0.3,770.06,2422.26,1.0
17-10-28_00:10:16,181.0,4.9,0.0,28.2,0.3,770.06,2422.26,1.0
17-10-28_00:10:16,181.0,4.9,0.0,28.2,0.3,770.06,2422.26,1.0
17-10-28_00:10:16,181.0,4.9,0.0,28.2,0.3,770.06,2422.26,1.0
17-10-28_00:10:16,181.0,4.9,0.0,28.2,0.3,770.06,2422.26,1.0
17-10-28_00:10:16,181.0,2.9,0.0,28.2,0.3,770.06,2422.26,1.0
17-10-28_00:10:16,181.0,2.9,0.0,28.2,0.3,770.06,2422.26,1.0
17-10-28_00:10:16,181.0,2.9,0.0,28.2,0.3,770.06,2422.26,1.0
17-10-28_00:10:16,181.0,2.9,0.0,28.2,0.3,770.06,2422.26,1.0
17-10-28_00:10:16,181.0,2.9,0.0,28.2,0.3,770.06,2422.26,1.0
17-10-28_00:10:16,181.0,2.9,0.0,28.2,0.3,770.06,2422.26,1.0
17-10-28_00:10:16,181.0,2.9,0.0,28.2,0.3,770.06,2422.26,1.0
17-10-28_00:10:16,181.0,2.9,0.0,28.2,0.3,770.06,2422.26,1.0
17-10-28_00:10:16,181.0,2.9,0.0,28.2,0.3,770.06,2422.26,1.0
17-10-28_00:10:16,181.0,2.9,0.0,28.2,0.3,770.06,2422.26,1.0
17-10-28_00:10:16,181.0,2.9,0.0,28.2,0.3,770.06,2422.26,1.0
17-10-28_00:10:16,181.0,2.9,0.0,28.2,0.3,770.06,2422.26,1.0
17-10-28_00:10:16,181.0,2.9,0.0,28.2,0.3,770.06,2422.26,1.0
17-10-28_00:10:16,181.0,2.9,0.0,28.2,0.3,770.06,2422.26,1.0
17-10-28_00:10:16,181.0,2.9,0.0,28.2,0.3,770.06,2422.26,1.0
17-10-28_00:10:16,181.0,2.9,0.0,28.2,0.3,770.06,2422.26,1.0
17-10-28_00:10:17,181.0,76.4,0.0,28.2,0.3,770.06,2422.26,1.0
17-10-28_00:10:17,181.0,28.2,0.0,28.2,0.3,770.06,2422.26,1.0
17-10-28_00:10:19,181.0,0.0,23.1,11.7,0.8,770.06,2422.26,1.0
17-10-28_00:10:19,181.0,0.0,2.8,11.7,0.8,770.06,2422.26,1.0
17-10-28_00:10:19,181.0,0.0,2.8,11.7,0.8,770.06,2422.26,1.0
17-10-28_00:10:19,181.0,0.0,2.8,11.7,0.8,770.06,2422.26,1.0
17-10-28_00:10:19,181.0,0.0,23.1,11.7,0.8,770.06,2422.26,1.0
17-10-28_00:10:19,181.0,0.0,23.1,11.7,0.8,770.06,2422.26,1.0
17-10-28_00:10:19,181.0,0.0,2.6,11.7,0.8,770.06,2422.26,1.0
17-10-28_00:10:19,181.0,0.0,2.6,11.7,0.8,770.06,2422.26,1.0
17-10-28_00:10:19,181.0,0.0,2.6,11.7,0.8,770.06,2422.26,1.0
17-10-28_00:10:19,181.0,0.0,4200.0,11.7,0.8,770.06,2422.26,1.0
17-10-28_00:10:19,181.0,0.0,4200.0,11.7,0.8,770.06,2422.26,1.0
17-10-28_00:10:19,181.0,0.0,4200.0,11.7,0.8,770.06,2422.26,1.0
17-10-28_00:10:19,181.0,0.0,4300.0,11.7,0.8,770.06,2422.26,1.0
17-10-28_00:10:19,181.0,0.0,4200.0,11.7,0.8,770.06,2422.26,1.0
17-10-28_00:10:19,181.0,0.0,4300.0,11.7,0.8,770.06,2422.26,1.0
17-10-28_00:10:19,181.0,0.0,4200.0,11.7,0.8,770.06,2422.26,1.0
17-10-28_00:10:19,181.0,0.0,4100.0,11.7,0.8,770.06,2422.26,1.0
17-10-28_00:10:19,181.0,0.0,2.8,11.7,0.8,770.06,2422.26,1.0
17-10-28_00:10:19,181.0,0.0,2.8,11.7,0.8,770.06,2422.26,1.0
17-10-28_00:10:19,181.0,0.0,2.8,11.7,0.8,770.06,2422.26,1.0
17-10-28_00:10:19,181.0,0.0,4300.0,11.7,0.8,770.06,2422.26,1.0
17-10-28_00:10:19,181.0,0.0,4200.0,11.7,0.8,770.06,2422.26,1.0
17-10-28_00:10:19,181.0,0.0,4200.0,11.7,0.8,770.06,2422.26,1.0
17-10-28_00:10:19,181.0,0.0,4200.0,11.7,0.8,770.06,2422.26,1.0
17-10-28_00:10:19,181.0,0.0,4300.0,11.7,0.8,770.06,2422.26,1.0
17-10-28_00:10:19,181.0,0.0,4200.0,11.7,0.8,770.06,2422.26,1.0
17-10-28_00:10:19,181.0,0.0,4200.0,11.7,0.8,770.06,2422.26,1.0
17-10-28_00:10:19,181.0,0.0,4100.0,11.7,0.8,770.06,2422.26,1.0
17-10-28_00:10:19,181.0,0.0,4.0,11.7,0.8,770.06,2422.26,1.0
17-10-28_00:10:19,181.0,0.0,4000.0,11.7,0.8,770.06,2422.26,1.0
17-10-28_00:10:19,181.0,0.0,1355.9,11.7,0.8,770.06,2422.26,1.0
17-10-28_00:10:19,181.0,0.0,3000.0,11.7,0.8,770.06,2422.26,1.0
17-10-28_00:10:19,181.0,0.0,4000.0,11.7,0.8,770.06,2422.26,1.0
17-10-28_00:10:19,181.0,0.0,4000.0,11.7,0.8,770.06,2422.26,1.0
17-10-28_00:10:19,181.0,0.0,4000.0,11.7,0.8,770.06,2422.26,1.0
17-10-28_00:10:19,181.0,0.0,4000.0,11.7,0.8,770.06,2422.26,1.0
17-10-28_00:10:19,181.0,0.0,4000.0,11.7,0.8,770.06,2422.26,1.0
17-10-28_00:10:19,181.0,0.0,4000.0,11.7,0.8,770.06,2422.26,1.0
17-10-28_00:10:19,181.0,0.0,4000.0,11.7,0.8,770.06,2422.26,1.0
17-10-28_00:10:19,181.0,0.0,4000.0,11.7,0.8,770.06,2422.26,1.0
17-10-28_00:10:19,181.0,0.0,909.1,11.7,0.8,770.06,2422.26,1.0
17-10-28_00:10:19,181.0,0.0,164.4,11.7,0.8,770.06,2422.26,1.0
17-10-28_00:10:19,181.0,0.0,2.6,11.7,0.8,770.06,2422.26,1.0
17-10-28_00:10:19,181.0,0.0,2.6,11.7,0.8,770.06,2422.26,1.0
17-10-28_00:10:19,181.0,0.0,2.6,11.7,0.8,770.06,2422.26,1.0
17-10-28_00:10:19,181.0,0.0,3.3,11.7,0.8,770.06,2422.26,1.0
17-10-28_00:10:19,181.0,0.0,3.3,11.7,0.8,770.06,2422.26,1.0
17-10-28_00:10:19,181.0,0.0,3.3,11.7,0.8,770.06,2422.26,1.0
17-10-28_00:10:19,181.0,0.0,3000.0,11.7,0.8,770.06,2422.26,1.0
17-10-28_00:10:19,181.0,0.0,3000.0,11.7,0.8,770.06,2422.26,1.0
17-10-28_00:10:19,181.0,0.0,3.4,11.7,0.8,770.06,2422.26,1.0
17-10-28_00:10:19,181.0,0.0,3.4,11.7,0.8,770.06,2422.26,1.0
17-10-28_00:10:19,181.0,0.0,100400.0,11.7,0.8,770.06,2422.26,1.0
17-10-28_00:10:19,181.0,0.0,4000.0,11.7,0.8,770.06,2422.26,1.0
17-10-28_00:10:19,181.0,0.0,4000.0,11.7,0.8,770.06,2422.26,1.0
17-10-28_00:10:19,181.0,0.0,4000.0,11.7,0.8,770.06,2422.26,1.0
17-10-28_00:10:19,181.0,0.0,4000.0,11.7,0.8,770.06,2422.26,1.0
17-10-28_00:10:19,181.0,0.0,4000.0,11.7,0.8,770.06,2422.26,1.0
17-10-28_00:10:19,181.0,0.0,909.1,11.7,0.8,770.06,2422.26,1.0
17-10-28_00:10:19,181.0,0.0,4000.0,11.7,0.8,770.06,2422.26,1.0
17-10-28_00:10:19,181.0,0.0,4000.0,11.7,0.8,770.06,2422.26,1.0
17-10-28_00:10:19,181.0,0.0,4000.0,11.7,0.8,770.06,2422.26,1.0
17-10-28_00:10:19,181.0,0.0,164.4,11.7,0.8,770.06,2422.26,1.0
17-10-28_00:10:19,181.0,0.0,4000.0,11.7,0.8,770.06,2422.26,1.0
17-10-28_00:10:19,181.0,0.0,1355.9,11.7,0.8,770.06,2422.26,1.0
17-10-28_00:10:19,181.0,0.0,4.0,11.7,0.8,770.06,2422.26,1.0
17-10-28_00:10:19,181.0,0.0,2.4,11.7,0.8,770.06,2422.26,1.0
17-10-28_00:10:19,181.0,0.0,2.4,11.7,0.8,770.06,2422.26,1.0
17-10-28_00:10:19,181.0,0.0,70200.0,11.7,0.8,770.06,2422.26,1.0
17-10-28_00:10:19,181.0,0.0,3.4,11.7,0.8,770.06,2422.26,1.0
17-10-28_00:10:19,181.0,0.0,3.4,11.7,0.8,770.06,2422.26,1.0
17-10-28_00:10:19,181.0,0.0,3.3,11.7,0.8,770.06,2422.26,1.0
17-10-28_00:10:19,181.0,0.0,3.3,11.7,0.8,770.06,2422.26,1.0
17-10-28_00:10:19,181.0,0.0,3.3,11.7,0.8,770.06,2422.26,1.0
17-10-28_00:10:19,181.0,0.0,70200.0,11.7,0.8,770.06,2422.26,1.0
17-10-28_00:10:19,181.0,0.0,4000.0,11.7,0.8,770.06,2422.26,1.0
17-10-28_00:10:19,181.0,0.0,4000.0,11.7,0.8,770.06,2422.26,1.0
17-10-28_00:10:19,181.0,0.0,164.4,11.7,0.8,770.06,2422.26,1.0
17-10-28_00:10:19,181.0,0.0,4000.0,11.7,0.8,770.06,2422.26,1.0
17-10-28_00:10:19,181.0,0.0,4000.0,11.7,0.8,770.06,2422.26,1.0
17-10-28_00:10:19,181.0,0.0,4000.0,11.7,0.8,770.06,2422.26,1.0
17-10-28_00:10:19,181.0,0.0,164.4,11.7,0.8,770.06,2422.26,1.0
17-10-28_00:10:19,181.0,0.0,4000.0,11.7,0.8,770.06,2422.26,1.0
17-10-28_00:10:19,181.0,0.0,4000.0,11.7,0.8,770.06,2422.26,1.0
17-10-28_00:10:19,181.0,0.0,4000.0,11.7,0.8,770.06,2422.26,1.0
17-10-28_00:10:19,181.0,0.0,4000.0,11.7,0.8,770.06,2422.26,1.0
17-10-28_00:10:19,181.0,0.0,4000.0,11.7,0.8,770.06,2422.26,1.0
17-10-28_00:10:19,181.0,0.0,4000.0,11.7,0.8,770.06,2422.26,1.0
17-10-28_00:10:19,181.0,0.0,909.1,11.7,0.8,770.06,2422.26,1.0
17-10-28_00:10:19,181.0,0.0,4000.0,11.7,0.8,770.06,2422.26,1.0
17-10-28_00:10:19,181.0,0.0,4000.0,11.7,0.8,770.06,2422.26,1.0
17-10-28_00:10:19,181.0,0.0,4000.0,11.7,0.8,770.06,2422.26,1.0
17-10-28_00:10:19,181.0,0.0,4000.0,11.7,0.8,770.06,2422.26,1.0
17-10-28_00:10:19,181.0,0.0,4000.0,11.7,0.8,770.06,2422.26,1.0
17-10-28_00:10:19,181.0,0.0,909.1,11.7,0.8,770.06,2422.26,1.0
17-10-28_00:10:19,181.0,0.0,4.0,11.7,0.8,770.06,2422.26,1.0
17-10-28_00:10:19,181.0,0.0,3000.0,11.7,0.8,770.06,2422.26,1.0
17-10-28_00:10:19,181.0,0.0,4000.0,11.7,0.8,770.06,2422.26,1.0
17-10-28_00:10:19,181.0,0.0,1355.9,11.7,0.8,770.06,2422.26,1.0
17-10-28_00:10:19,181.0,0.0,4.0,11.7,0.8,770.06,2422.26,1.0
17-10-28_00:10:19,181.0,0.0,4000.0,11.7,0.8,770.06,2422.26,1.0
17-10-28_00:10:19,181.0,0.0,3000.0,11.7,0.8,770.06,2422.26,1.0
17-10-28_00:10:19,181.0,0.0,3000.0,11.7,0.8,770.06,2422.26,1.0
17-10-28_00:10:19,181.0,0.0,1355.9,11.7,0.8,770.06,2422.26,1.0
17-10-28_00:10:19,181.0,0.0,2.4,11.7,0.8,770.06,2422.26,1.0
17-10-28_00:10:19,181.0,0.0,2.4,11.7,0.8,770.06,2422.26,1.0
17-10-28_00:10:19,181.0,0.0,25.0,11.7,0.8,770.06,2422.26,1.0
17-10-28_00:10:19,181.0,0.0,25.0,11.7,0.8,770.06,2422.26,1.0
17-10-28_00:10:19,181.0,0.0,25.0,11.7,0.8,770.06,2422.26,1.0
17-10-28_00:10:19,181.0,0.0,25.0,11.7,0.8,770.06,2422.26,1.0
17-10-28_00:10:19,181.0,0.0,2.9,11.7,0.8,770.06,2422.26,1.0
17-10-28_00:10:19,181.0,0.0,2.9,11.7,0.8,770.06,2422.26,1.0
17-10-28_00:10:19,181.0,0.0,2.9,11.7,0.8,770.06,2422.26,1.0
17-10-28_00:10:19,181.0,0.0,28.2,11.7,0.8,770.06,2422.26,1.0
17-10-28_00:10:19,181.0,0.0,28.2,11.7,0.8,770.06,2422.26,1.0
17-10-28_00:23:34,192.0,238.5,0.0,0.0,0.1,773.86,1640.1,1.0
17-10-28_00:23:34,192.0,23.1,0.0,0.0,0.1,773.86,1640.1,1.0
17-10-28_00:23:34,192.0,4.9,0.0,0.0,0.1,773.86,1640.1,1.0
17-10-28_00:23:34,192.0,2.8,0.0,0.0,0.1,773.86,1640.1,1.0
17-10-28_00:23:44,192.0,4.8,0.0,44.9,2.3,773.86,1640.1,1.0
17-10-28_00:23:44,192.0,4.8,0.0,44.9,2.3,773.86,1640.1,1.0
17-10-28_00:23:44,192.0,4.8,0.0,44.9,2.3,773.86,1640.1,1.0
17-10-28_00:23:44,192.0,4.8,0.0,44.9,2.3,773.86,1640.1,1.0
17-10-28_00:23:44,192.0,4.8,0.0,44.9,2.3,773.86,1640.1,1.0
17-10-28_00:23:44,192.0,4.8,0.0,44.9,2.3,773.86,1640.1,1.0
17-10-28_00:23:44,192.0,4.8,0.0,44.9,2.3,773.86,1640.1,1.0
17-10-28_00:23:44,192.0,4.8,0.0,44.9,2.3,773.86,1640.1,1.0
17-10-28_00:23:44,192.0,4.8,0.0,44.9,2.3,773.86,1640.1,1.0
17-10-28_00:23:44,192.0,4.8,0.0,44.9,2.3,773.86,1640.1,1.0
17-10-28_00:23:44,192.0,4.8,0.0,44.9,2.3,773.86,1640.1,1.0
17-10-28_00:23:44,192.0,4.8,0.0,44.9,2.3,773.86,1640.1,1.0
17-10-28_00:23:44,192.0,4.8,0.0,44.9,2.3,773.86,1640.1,1.0
17-10-28_00:23:44,192.0,4.8,0.0,44.9,2.3,773.86,1640.1,1.0
17-10-28_00:23:44,192.0,4.8,0.0,44.9,2.3,773.86,1640.1,1.0
17-10-28_00:23:44,192.0,4.8,0.0,44.9,2.3,773.86,1640.1,1.0
17-10-28_00:23:44,192.0,2.6,0.0,44.9,2.3,773.86,1640.1,1.0
17-10-28_00:23:44,192.0,2.6,0.0,44.9,2.3,773.86,1640.1,1.0
17-10-28_00:23:44,192.0,2.6,0.0,44.9,2.3,773.86,1640.1,1.0
17-10-28_00:23:44,192.0,2.6,0.0,44.9,2.3,773.86,1640.1,1.0
17-10-28_00:23:44,192.0,2.6,0.0,44.9,2.3,773.86,1640.1,1.0
17-10-28_00:23:44,192.0,2.6,0.0,44.9,2.3,773.86,1640.1,1.0
17-10-28_00:23:44,192.0,2.6,0.0,44.9,2.3,773.86,1640.1,1.0
17-10-28_00:23:44,192.0,2.6,0.0,44.9,2.3,773.86,1640.1,1.0
17-10-28_00:23:44,192.0,2.6,0.0,44.9,2.3,773.86,1640.1,1.0
17-10-28_00:23:44,192.0,2.6,0.0,44.9,2.3,773.86,1640.1,1.0
17-10-28_00:23:44,192.0,2.6,0.0,44.9,2.3,773.86,1640.1,1.0
17-10-28_00:23:44,192.0,2.6,0.0,44.9,2.3,773.86,1640.1,1.0
17-10-28_00:23:44,192.0,2.6,0.0,44.9,2.3,773.86,1640.1,1.0
17-10-28_00:23:44,192.0,2.6,0.0,44.9,2.3,773.86,1640.1,1.0
17-10-28_00:23:44,192.0,2.6,0.0,44.9,2.3,773.86,1640.1,1.0
17-10-28_00:23:44,192.0,2.6,0.0,44.9,2.3,773.86,1640.1,1.0
17-10-28_00:23:47,192.0,3.9,0.0,44.9,2.3,773.86,1640.1,1.0
17-10-28_00:23:47,192.0,4.0,0.0,44.9,2.3,773.86,1640.1,1.0
17-10-28_00:23:47,192.0,38000.0,0.0,44.9,2.3,773.86,1640.1,1.0
17-10-28_00:23:47,192.0,4000.0,0.0,44.9,2.3,773.86,1640.1,1.0
17-10-28_00:23:47,192.0,1355.9,0.0,44.9,2.3,773.86,1640.1,1.0
17-10-28_00:23:47,192.0,9500.0,0.0,44.9,2.3,773.86,1640.1,1.0
17-10-28_00:23:47,192.0,3000.0,0.0,44.9,2.3,773.86,1640.1,1.0
17-10-28_00:23:48,192.0,32900.0,0.0,44.9,2.3,773.86,1640.1,1.0
17-10-28_00:23:48,192.0,32900.0,0.0,44.9,2.3,773.86,1640.1,1.0
17-10-28_00:23:48,192.0,32900.0,0.0,44.9,2.3,773.86,1640.1,1.0
17-10-28_00:23:48,192.0,32900.0,0.0,44.9,2.3,773.86,1640.1,1.0
17-10-28_00:23:48,192.0,32900.0,0.0,44.9,2.3,773.86,1640.1,1.0
17-10-28_00:23:48,192.0,32900.0,0.0,44.9,2.3,773.86,1640.1,1.0
17-10-28_00:23:48,192.0,32900.0,0.0,44.9,2.3,773.86,1640.1,1.0
17-10-28_00:23:48,192.0,32900.0,0.0,44.9,2.3,773.86,1640.1,1.0
17-10-28_00:23:48,192.0,32900.0,0.0,44.9,2.3,773.86,1640.1,1.0
17-10-28_00:23:48,192.0,32900.0,0.0,44.9,2.3,773.86,1640.1,1.0
17-10-28_00:23:48,192.0,32900.0,0.0,44.9,2.3,773.86,1640.1,1.0
17-10-28_00:23:48,192.0,32900.0,0.0,44.9,2.3,773.86,1640.1,1.0
17-10-28_00:23:48,192.0,32900.0,0.0,44.9,2.3,773.86,1640.1,1.0
17-10-28_00:23:48,192.0,32900.0,0.0,44.9,2.3,773.86,1640.1,1.0
17-10-28_00:23:48,192.0,32900.0,0.0,44.9,2.3,773.86,1640.1,1.0
17-10-28_00:23:48,192.0,32900.0,0.0,44.9,2.3,773.86,1640.1,1.0
17-10-28_00:23:48,192.0,4000.0,0.0,44.9,2.3,773.86,1640.1,1.0
17-10-28_00:23:48,192.0,4000.0,0.0,44.9,2.3,773.86,1640.1,1.0
17-10-28_00:23:48,192.0,4000.0,0.0,44.9,2.3,773.86,1640.1,1.0
17-10-28_00:23:48,192.0,4000.0,0.0,44.9,2.3,773.86,1640.1,1.0
17-10-28_00:23:48,192.0,4000.0,0.0,44.9,2.3,773.86,1640.1,1.0
17-10-28_00:23:48,192.0,4000.0,0.0,44.9,2.3,773.86,1640.1,1.0
17-10-28_00:23:48,192.0,4000.0,0.0,44.9,2.3,773.86,1640.1,1.0
17-10-28_00:23:48,192.0,4000.0,0.0,44.9,2.3,773.86,1640.1,1.0
17-10-28_00:23:48,192.0,4000.0,0.0,44.9,2.3,773.86,1640.1,1.0
17-10-28_00:23:48,192.0,4000.0,0.0,44.9,2.3,773.86,1640.1,1.0
17-10-28_00:23:48,192.0,4000.0,0.0,44.9,2.3,773.86,1640.1,1.0
17-10-28_00:23:48,192.0,4000.0,0.0,44.9,2.3,773.86,1640.1,1.0
17-10-28_00:23:48,192.0,4000.0,0.0,44.9,2.3,773.86,1640.1,1.0
17-10-28_00:23:48,192.0,4000.0,0.0,44.9,2.3,773.86,1640.1,1.0
17-10-28_00:23:48,192.0,4000.0,0.0,44.9,2.3,773.86,1640.1,1.0
17-10-28_00:23:48,192.0,4000.0,0.0,44.9,2.3,773.86,1640.1,1.0
17-10-28_00:23:48,192.0,4000.0,0.0,44.9,2.3,773.86,1640.1,1.0
17-10-28_00:23:48,192.0,4000.0,0.0,44.9,2.3,773.86,1640.1,1.0
17-10-28_00:23:48,192.0,4000.0,0.0,44.9,2.3,773.86,1640.1,1.0
17-10-28_00:23:48,192.0,4000.0,0.0,44.9,2.3,773.86,1640.1,1.0
17-10-28_00:23:48,192.0,4000.0,0.0,44.9,2.3,773.86,1640.1,1.0
17-10-28_00:23:48,192.0,4000.0,0.0,44.9,2.3,773.86,1640.1,1.0
17-10-28_00:23:48,192.0,4000.0,0.0,44.9,2.3,773.86,1640.1,1.0
17-10-28_00:23:48,192.0,4000.0,0.0,44.9,2.3,773.86,1640.1,1.0
17-10-28_00:23:48,192.0,4000.0,0.0,44.9,2.3,773.86,1640.1,1.0
17-10-28_00:23:48,192.0,4000.0,0.0,44.9,2.3,773.86,1640.1,1.0
17-10-28_00:23:48,192.0,4000.0,0.0,44.9,2.3,773.86,1640.1,1.0
17-10-28_00:23:48,192.0,4000.0,0.0,44.9,2.3,773.86,1640.1,1.0
17-10-28_00:23:48,192.0,4000.0,0.0,44.9,2.3,773.86,1640.1,1.0
17-10-28_00:23:48,192.0,4000.0,0.0,44.9,2.3,773.86,1640.1,1.0
17-10-28_00:23:48,192.0,4000.0,0.0,44.9,2.3,773.86,1640.1,1.0
17-10-28_00:23:48,192.0,4000.0,0.0,44.9,2.3,773.86,1640.1,1.0
17-10-28_00:23:48,192.0,4000.0,0.0,44.9,2.3,773.86,1640.1,1.0
17-10-28_00:23:48,192.0,4000.0,0.0,44.9,2.3,773.86,1640.1,1.0
17-10-28_00:23:48,192.0,4000.0,0.0,44.9,2.3,773.86,1640.1,1.0
17-10-28_00:23:48,192.0,4000.0,0.0,44.9,2.3,773.86,1640.1,1.0
17-10-28_00:23:48,192.0,4000.0,0.0,44.9,2.3,773.86,1640.1,1.0
17-10-28_00:23:48,192.0,4000.0,0.0,44.9,2.3,773.86,1640.1,1.0
17-10-28_00:23:48,192.0,4000.0,0.0,44.9,2.3,773.86,1640.1,1.0
17-10-28_00:23:48,192.0,4000.0,0.0,44.9,2.3,773.86,1640.1,1.0
17-10-28_00:23:48,192.0,4000.0,0.0,44.9,2.3,773.86,1640.1,1.0
17-10-28_00:23:48,192.0,4000.0,0.0,44.9,2.3,773.86,1640.1,1.0
17-10-28_00:23:48,192.0,4000.0,0.0,44.9,2.3,773.86,1640.1,1.0
17-10-28_00:23:48,192.0,4000.0,0.0,44.9,2.3,773.86,1640.1,1.0
17-10-28_00:23:48,192.0,4000.0,0.0,44.9,2.3,773.86,1640.1,1.0
17-10-28_00:23:48,192.0,4000.0,0.0,44.9,2.3,773.86,1640.1,1.0
17-10-28_00:23:48,192.0,4000.0,0.0,44.9,2.3,773.86,1640.1,1.0
17-10-28_00:23:48,192.0,4000.0,0.0,44.9,2.3,773.86,1640.1,1.0
17-10-28_00:23:48,192.0,4000.0,0.0,44.9,2.3,773.86,1640.1,1.0
17-10-28_00:23:48,192.0,4000.0,0.0,44.9,2.3,773.86,1640.1,1.0
17-10-28_00:23:48,192.0,4000.0,0.0,44.9,2.3,773.86,1640.1,1.0
17-10-28_00:23:48,192.0,4000.0,0.0,44.9,2.3,773.86,1640.1,1.0
17-10-28_00:23:48,192.0,4000.0,0.0,44.9,2.3,773.86,1640.1,1.0
17-10-28_00:23:48,192.0,4000.0,0.0,44.9,2.3,773.86,1640.1,1.0
17-10-28_00:23:48,192.0,4000.0,0.0,44.9,2.3,773.86,1640.1,1.0
17-10-28_00:23:48,192.0,4000.0,0.0,44.9,2.3,773.86,1640.1,1.0
17-10-28_00:23:48,192.0,4000.0,0.0,44.9,2.3,773.86,1640.1,1.0
17-10-28_00:23:48,192.0,4000.0,0.0,44.9,2.3,773.86,1640.1,1.0
17-10-28_00:23:48,192.0,4000.0,0.0,44.9,2.3,773.86,1640.1,1.0
17-10-28_00:23:48,192.0,4000.0,0.0,44.9,2.3,773.86,1640.1,1.0
17-10-28_00:23:48,192.0,4000.0,0.0,44.9,2.3,773.86,1640.1,1.0
17-10-28_00:23:48,192.0,4000.0,0.0,44.9,2.3,773.86,1640.1,1.0
17-10-28_00:23:48,192.0,4000.0,0.0,44.9,2.3,773.86,1640.1,1.0
17-10-28_00:23:48,192.0,4000.0,0.0,44.9,2.3,773.86,1640.1,1.0
17-10-28_00:23:48,192.0,4000.0,0.0,44.9,2.3,773.86,1640.1,1.0
17-10-28_00:23:48,192.0,4000.0,0.0,44.9,2.3,773.86,1640.1,1.0
17-10-28_00:23:48,192.0,4000.0,0.0,44.9,2.3,773.86,1640.1,1.0
17-10-28_00:23:48,192.0,4000.0,0.0,44.9,2.3,773.86,1640.1,1.0
17-10-28_00:23:48,192.0,4000.0,0.0,44.9,2.3,773.86,1640.1,1.0
17-10-28_00:23:48,192.0,4000.0,0.0,44.9,2.3,773.86,1640.1,1.0
17-10-28_00:23:48,192.0,4000.0,0.0,44.9,2.3,773.86,1640.1,1.0
17-10-28_00:23:48,192.0,4000.0,0.0,44.9,2.3,773.86,1640.1,1.0
17-10-28_00:23:48,192.0,4000.0,0.0,44.9,2.3,773.86,1640.1,1.0
17-10-28_00:23:48,192.0,4000.0,0.0,44.9,2.3,773.86,1640.1,1.0
17-10-28_00:23:48,192.0,4000.0,0.0,44.9,2.3,773.86,1640.1,1.0
17-10-28_00:23:48,192.0,4000.0,0.0,44.9,2.3,773.86,1640.1,1.0
17-10-28_00:23:48,192.0,4000.0,0.0,44.9,2.3,773.86,1640.1,1.0
17-10-28_00:23:48,192.0,4000.0,0.0,44.9,2.3,773.86,1640.1,1.0
17-10-28_00:23:48,192.0,4000.0,0.0,44.9,2.3,773.86,1640.1,1.0
17-10-28_00:23:48,192.0,4000.0,0.0,44.9,2.3,773.86,1640.1,1.0
17-10-28_00:23:48,192.0,4000.0,0.0,44.9,2.3,773.86,1640.1,1.0
17-10-28_00:23:48,192.0,4000.0,0.0,44.9,2.3,773.86,1640.1,1.0
17-10-28_00:23:48,192.0,4000.0,0.0,44.9,2.3,773.86,1640.1,1.0
17-10-28_00:23:48,192.0,4000.0,0.0,44.9,2.3,773.86,1640.1,1.0
17-10-28_00:23:48,192.0,4000.0,0.0,44.9,2.3,773.86,1640.1,1.0
17-10-28_00:23:48,192.0,4000.0,0.0,44.9,2.3,773.86,1640.1,1.0
17-10-28_00:23:48,192.0,4000.0,0.0,44.9,2.3,773.86,1640.1,1.0
17-10-28_00:23:48,192.0,4000.0,0.0,44.9,2.3,773.86,1640.1,1.0
17-10-28_00:23:48,192.0,4000.0,0.0,44.9,2.3,773.86,1640.1,1.0
17-10-28_00:23:48,192.0,4000.0,0.0,44.9,2.3,773.86,1640.1,1.0
17-10-28_00:23:48,192.0,4000.0,0.0,44.9,2.3,773.86,1640.1,1.0
17-10-28_00:23:48,192.0,4000.0,0.0,44.9,2.3,773.86,1640.1,1.0
17-10-28_00:23:48,192.0,4000.0,0.0,44.9,2.3,773.86,1640.1,1.0
17-10-28_00:23:48,192.0,4000.0,0.0,44.9,2.3,773.86,1640.1,1.0
17-10-28_00:23:48,192.0,4000.0,0.0,44.9,2.3,773.86,1640.1,1.0
17-10-28_00:23:48,192.0,4000.0,0.0,44.9,2.3,773.86,1640.1,1.0
17-10-28_00:23:48,192.0,4000.0,0.0,44.9,2.3,773.86,1640.1,1.0
17-10-28_00:23:48,192.0,4000.0,0.0,44.9,2.3,773.86,1640.1,1.0
17-10-28_00:23:48,192.0,4000.0,0.0,44.9,2.3,773.86,1640.1,1.0
17-10-28_00:23:48,192.0,4000.0,0.0,44.9,2.3,773.86,1640.1,1.0
17-10-28_00:23:48,192.0,4000.0,0.0,44.9,2.3,773.86,1640.1,1.0
17-10-28_00:23:48,192.0,4000.0,0.0,44.9,2.3,773.86,1640.1,1.0
17-10-28_00:23:48,192.0,4000.0,0.0,44.9,2.3,773.86,1640.1,1.0
17-10-28_00:23:48,192.0,4000.0,0.0,44.9,2.3,773.86,1640.1,1.0
17-10-28_00:23:48,192.0,4000.0,0.0,44.9,2.3,773.86,1640.1,1.0
17-10-28_00:23:48,192.0,4000.0,0.0,44.9,2.3,773.86,1640.1,1.0
17-10-28_00:23:48,192.0,4000.0,0.0,44.9,2.3,773.86,1640.1,1.0
17-10-28_00:23:48,192.0,4000.0,0.0,44.9,2.3,773.86,1640.1,1.0
17-10-28_00:23:48,192.0,4000.0,0.0,44.9,2.3,773.86,1640.1,1.0
17-10-28_00:23:48,192.0,4000.0,0.0,44.9,2.3,773.86,1640.1,1.0
17-10-28_00:23:48,192.0,4000.0,0.0,44.9,2.3,773.86,1640.1,1.0
17-10-28_00:23:48,192.0,4000.0,0.0,44.9,2.3,773.86,1640.1,1.0
17-10-28_00:23:48,192.0,4000.0,0.0,44.9,2.3,773.86,1640.1,1.0
17-10-28_00:23:48,192.0,4000.0,0.0,44.9,2.3,773.86,1640.1,1.0
17-10-28_00:23:48,192.0,4000.0,0.0,44.9,2.3,773.86,1640.1,1.0
17-10-28_00:23:48,192.0,4000.0,0.0,44.9,2.3,773.86,1640.1,1.0
17-10-28_00:23:48,192.0,4000.0,0.0,44.9,2.3,773.86,1640.1,1.0
17-10-28_00:23:48,192.0,4000.0,0.0,44.9,2.3,773.86,1640.1,1.0
17-10-28_00:23:48,192.0,4000.0,0.0,44.9,2.3,773.86,1640.1,1.0
17-10-28_00:23:48,192.0,4000.0,0.0,44.9,2.3,773.86,1640.1,1.0
17-10-28_00:23:48,192.0,4000.0,0.0,44.9,2.3,773.86,1640.1,1.0
17-10-28_00:23:48,192.0,4000.0,0.0,44.9,2.3,773.86,1640.1,1.0
17-10-28_00:23:48,192.0,4000.0,0.0,44.9,2.3,773.86,1640.1,1.0
17-10-28_00:23:48,192.0,4000.0,0.0,44.9,2.3,773.86,1640.1,1.0
17-10-28_00:23:48,192.0,4000.0,0.0,44.9,2.3,773.86,1640.1,1.0
17-10-28_00:23:48,192.0,4000.0,0.0,44.9,2.3,773.86,1640.1,1.0
17-10-28_00:23:48,192.0,4000.0,0.0,44.9,2.3,773.86,1640.1,1.0
17-10-28_00:23:48,192.0,4000.0,0.0,44.9,2.3,773.86,1640.1,1.0
17-10-28_00:23:48,192.0,909.1,0.0,44.9,2.3,773.86,1640.1,1.0
17-10-28_00:23:48,192.0,909.1,0.0,44.9,2.3,773.86,1640.1,1.0
17-10-28_00:23:48,192.0,909.1,0.0,44.9,2.3,773.86,1640.1,1.0
17-10-28_00:23:48,192.0,909.1,0.0,44.9,2.3,773.86,1640.1,1.0
17-10-28_00:23:48,192.0,909.1,0.0,44.9,2.3,773.86,1640.1,1.0
17-10-28_00:23:48,192.0,909.1,0.0,44.9,2.3,773.86,1640.1,1.0
17-10-28_00:23:48,192.0,909.1,0.0,44.9,2.3,773.86,1640.1,1.0
17-10-28_00:23:48,192.0,909.1,0.0,44.9,2.3,773.86,1640.1,1.0
17-10-28_00:23:48,192.0,909.1,0.0,44.9,2.3,773.86,1640.1,1.0
17-10-28_00:23:48,192.0,909.1,0.0,44.9,2.3,773.86,1640.1,1.0
17-10-28_00:23:48,192.0,909.1,0.0,44.9,2.3,773.86,1640.1,1.0
17-10-28_00:23:48,192.0,909.1,0.0,44.9,2.3,773.86,1640.1,1.0
17-10-28_00:23:48,192.0,909.1,0.0,44.9,2.3,773.86,1640.1,1.0
17-10-28_00:23:48,192.0,909.1,0.0,44.9,2.3,773.86,1640.1,1.0
17-10-28_00:23:48,192.0,909.1,0.0,44.9,2.3,773.86,1640.1,1.0
17-10-28_00:23:48,192.0,909.1,0.0,44.9,2.3,773.86,1640.1,1.0
17-10-28_00:23:48,192.0,32900.0,0.0,44.9,2.3,773.86,1640.1,1.0
17-10-28_00:23:48,192.0,32900.0,0.0,44.9,2.3,773.86,1640.1,1.0
17-10-28_00:23:48,192.0,32900.0,0.0,44.9,2.3,773.86,1640.1,1.0
17-10-28_00:23:48,192.0,32900.0,0.0,44.9,2.3,773.86,1640.1,1.0
17-10-28_00:23:48,192.0,32900.0,0.0,44.9,2.3,773.86,1640.1,1.0
17-10-28_00:23:48,192.0,32900.0,0.0,44.9,2.3,773.86,1640.1,1.0
17-10-28_00:23:48,192.0,32900.0,0.0,44.9,2.3,773.86,1640.1,1.0
17-10-28_00:23:48,192.0,32900.0,0.0,44.9,2.3,773.86,1640.1,1.0
17-10-28_00:23:48,192.0,32900.0,0.0,44.9,2.3,773.86,1640.1,1.0
17-10-28_00:23:48,192.0,32900.0,0.0,44.9,2.3,773.86,1640.1,1.0
17-10-28_00:23:48,192.0,32900.0,0.0,44.9,2.3,773.86,1640.1,1.0
17-10-28_00:23:48,192.0,32900.0,0.0,44.9,2.3,773.86,1640.1,1.0
17-10-28_00:23:48,192.0,32900.0,0.0,44.9,2.3,773.86,1640.1,1.0
17-10-28_00:23:48,192.0,32900.0,0.0,44.9,2.3,773.86,1640.1,1.0
17-10-28_00:23:48,192.0,32900.0,0.0,44.9,2.3,773.86,1640.1,1.0
17-10-28_00:23:48,192.0,32900.0,0.0,44.9,2.3,773.86,1640.1,1.0
17-10-28_00:23:48,192.0,164.4,0.0,44.9,2.3,773.86,1640.1,1.0
17-10-28_00:23:48,192.0,164.4,0.0,44.9,2.3,773.86,1640.1,1.0
17-10-28_00:23:48,192.0,164.4,0.0,44.9,2.3,773.86,1640.1,1.0
17-10-28_00:23:48,192.0,164.4,0.0,44.9,2.3,773.86,1640.1,1.0
17-10-28_00:23:48,192.0,164.4,0.0,44.9,2.3,773.86,1640.1,1.0
17-10-28_00:23:48,192.0,164.4,0.0,44.9,2.3,773.86,1640.1,1.0
17-10-28_00:23:48,192.0,164.4,0.0,44.9,2.3,773.86,1640.1,1.0
17-10-28_00:23:48,192.0,164.4,0.0,44.9,2.3,773.86,1640.1,1.0
17-10-28_00:23:48,192.0,164.4,0.0,44.9,2.3,773.86,1640.1,1.0
17-10-28_00:23:48,192.0,164.4,0.0,44.9,2.3,773.86,1640.1,1.0
17-10-28_00:23:48,192.0,164.4,0.0,44.9,2.3,773.86,1640.1,1.0
17-10-28_00:23:48,192.0,164.4,0.0,44.9,2.3,773.86,1640.1,1.0
17-10-28_00:23:48,192.0,164.4,0.0,44.9,2.3,773.86,1640.1,1.0
17-10-28_00:23:48,192.0,164.4,0.0,44.9,2.3,773.86,1640.1,1.0
17-10-28_00:23:48,192.0,164.4,0.0,44.9,2.3,773.86,1640.1,1.0
17-10-28_00:23:48,192.0,164.4,0.0,44.9,2.3,773.86,1640.1,1.0
17-10-28_00:23:48,192.0,6.0,0.0,44.9,2.3,773.86,1640.1,1.0
17-10-28_00:23:48,192.0,6.0,0.0,44.9,2.3,773.86,1640.1,1.0
17-10-28_00:23:48,192.0,6.0,0.0,44.9,2.3,773.86,1640.1,1.0
17-10-28_00:23:48,192.0,6.0,0.0,44.9,2.3,773.86,1640.1,1.0
17-10-28_00:23:48,192.0,6.0,0.0,44.9,2.3,773.86,1640.1,1.0
17-10-28_00:23:48,192.0,6.0,0.0,44.9,2.3,773.86,1640.1,1.0
17-10-28_00:23:48,192.0,6.0,0.0,44.9,2.3,773.86,1640.1,1.0
17-10-28_00:23:48,192.0,6.0,0.0,44.9,2.3,773.86,1640.1,1.0
17-10-28_00:23:48,192.0,6.0,0.0,44.9,2.3,773.86,1640.1,1.0
17-10-28_00:23:48,192.0,6.0,0.0,44.9,2.3,773.86,1640.1,1.0
17-10-28_00:23:48,192.0,6.0,0.0,44.9,2.3,773.86,1640.1,1.0
17-10-28_00:23:48,192.0,6.0,0.0,44.9,2.3,773.86,1640.1,1.0
17-10-28_00:23:48,192.0,6.0,0.0,44.9,2.3,773.86,1640.1,1.0
17-10-28_00:23:48,192.0,6.0,0.0,44.9,2.3,773.86,1640.1,1.0
17-10-28_00:23:48,192.0,6.0,0.0,44.9,2.3,773.86,1640.1,1.0
17-10-28_00:23:48,192.0,6.0,0.0,44.9,2.3,773.86,1640.1,1.0
17-10-28_00:23:48,192.0,3.3,0.0,44.9,2.3,773.86,1640.1,1.0
17-10-28_00:23:48,192.0,3.3,0.0,44.9,2.3,773.86,1640.1,1.0
17-10-28_00:23:48,192.0,3.3,0.0,44.9,2.3,773.86,1640.1,1.0
17-10-28_00:23:48,192.0,3.3,0.0,44.9,2.3,773.86,1640.1,1.0
17-10-28_00:23:48,192.0,3.3,0.0,44.9,2.3,773.86,1640.1,1.0
17-10-28_00:23:48,192.0,3.3,0.0,44.9,2.3,773.86,1640.1,1.0
17-10-28_00:23:48,192.0,3.3,0.0,44.9,2.3,773.86,1640.1,1.0
17-10-28_00:23:48,192.0,3.3,0.0,44.9,2.3,773.86,1640.1,1.0
17-10-28_00:23:48,192.0,3.3,0.0,44.9,2.3,773.86,1640.1,1.0
17-10-28_00:23:48,192.0,3.3,0.0,44.9,2.3,773.86,1640.1,1.0
17-10-28_00:23:48,192.0,3.3,0.0,44.9,2.3,773.86,1640.1,1.0
17-10-28_00:23:48,192.0,3.3,0.0,44.9,2.3,773.86,1640.1,1.0
17-10-28_00:23:48,192.0,3.3,0.0,44.9,2.3,773.86,1640.1,1.0
17-10-28_00:23:48,192.0,3.3,0.0,44.9,2.3,773.86,1640.1,1.0
17-10-28_00:23:48,192.0,3.3,0.0,44.9,2.3,773.86,1640.1,1.0
17-10-28_00:23:48,192.0,3.3,0.0,44.9,2.3,773.86,1640.1,1.0
17-10-28_00:23:51,192.0,6.3,0.0,65.5,1.9,16245486.0,1390544.0,1.0
17-10-28_00:23:51,192.0,3.4,0.0,65.5,1.9,16245486.0,1390544.0,1.0
17-10-28_00:26:31,192.0,4.4,0.0,0.1,0.1,790.08,1805.21,1.0
17-10-28_00:26:31,192.0,2.4,0.0,0.1,0.1,790.08,1805.21,1.0
17-10-28_00:26:33,192.0,70.5,0.0,0.1,0.1,790.08,1805.21,1.0
17-10-28_00:26:33,192.0,25.0,0.0,0.1,0.1,790.08,1805.21,1.0
17-10-28_00:26:39,192.0,4.9,0.0,0.1,0.1,790.08,1805.21,1.0
17-10-28_00:26:39,192.0,2.9,0.0,0.1,0.1,790.08,1805.21,1.0
17-10-28_00:26:40,192.0,76.4,0.0,0.2,0.1,790.08,1805.21,1.0
17-10-28_00:26:40,192.0,76.4,0.0,0.2,0.1,790.08,1805.21,1.0
17-10-28_00:26:40,192.0,76.4,0.0,0.2,0.1,790.08,1805.21,1.0
17-10-28_00:26:40,192.0,76.4,0.0,0.2,0.1,790.08,1805.21,1.0
17-10-28_00:26:40,192.0,76.4,0.0,0.2,0.1,790.08,1805.21,1.0
17-10-28_00:26:40,192.0,76.4,0.0,0.2,0.1,790.08,1805.21,1.0
17-10-28_00:26:40,192.0,76.4,0.0,0.2,0.1,790.08,1805.21,1.0
17-10-28_00:26:40,192.0,76.4,0.0,0.2,0.1,790.08,1805.21,1.0
17-10-28_00:26:40,192.0,76.4,0.0,0.2,0.1,790.08,1805.21,1.0
17-10-28_00:26:40,192.0,76.4,0.0,0.2,0.1,790.08,1805.21,1.0
17-10-28_00:26:40,192.0,76.4,0.0,0.2,0.1,790.08,1805.21,1.0
17-10-28_00:26:40,192.0,76.4,0.0,0.2,0.1,790.08,1805.21,1.0
17-10-28_00:26:40,192.0,76.4,0.0,0.2,0.1,790.08,1805.21,1.0
17-10-28_00:26:40,192.0,76.4,0.0,0.2,0.1,790.08,1805.21,1.0
17-10-28_00:26:40,192.0,76.4,0.0,0.2,0.1,790.08,1805.21,1.0
17-10-28_00:26:40,192.0,76.4,0.0,0.2,0.1,790.08,1805.21,1.0
17-10-28_00:26:40,192.0,76.4,0.0,0.2,0.1,790.08,1805.21,1.0
17-10-28_00:26:40,192.0,76.4,0.0,0.2,0.1,790.08,1805.21,1.0
17-10-28_00:26:40,192.0,76.4,0.0,0.2,0.1,790.08,1805.21,1.0
17-10-28_00:26:40,192.0,76.4,0.0,0.2,0.1,790.08,1805.21,1.0
17-10-28_00:26:40,192.0,76.4,0.0,0.2,0.1,790.08,1805.21,1.0
17-10-28_00:26:40,192.0,76.4,0.0,0.2,0.1,790.08,1805.21,1.0
17-10-28_00:26:40,192.0,76.4,0.0,0.2,0.1,790.08,1805.21,1.0
17-10-28_00:26:40,192.0,76.4,0.0,0.2,0.1,790.08,1805.21,1.0
17-10-28_00:26:40,192.0,76.4,0.0,0.2,0.1,790.08,1805.21,1.0
17-10-28_00:26:40,192.0,76.4,0.0,0.2,0.1,790.08,1805.21,1.0
17-10-28_00:26:40,192.0,76.4,0.0,0.2,0.1,790.08,1805.21,1.0
17-10-28_00:26:40,192.0,76.4,0.0,0.125,0.1,790.08,1805.21,1.0
17-10-28_00:26:40,192.0,76.4,0.0,0.125,0.1,790.08,1805.21,1.0
17-10-28_00:26:40,192.0,76.4,0.0,0.125,0.1,790.08,1805.21,1.0
17-10-28_00:26:40,192.0,76.4,0.0,0.125,0.1,790.08,1805.21,1.0
17-10-28_00:26:40,192.0,76.4,0.0,0.125,0.1,790.08,1805.21,1.0
17-10-28_00:26:40,192.0,76.4,0.0,0.125,0.1,790.08,1805.21,1.0
17-10-28_00:26:40,192.0,76.4,0.0,0.125,0.1,790.08,1805.21,1.0
17-10-28_00:26:40,192.0,76.4,0.0,0.125,0.1,790.08,1805.21,1.0
17-10-28_00:26:40,192.0,76.4,0.0,0.125,0.1,790.08,1805.21,1.0
17-10-28_00:26:40,192.0,76.4,0.0,0.125,0.1,790.08,1805.21,1.0
17-10-28_00:26:40,192.0,76.4,0.0,0.125,0.1,790.08,1805.21,1.0
17-10-28_00:26:40,192.0,76.4,0.0,0.125,0.1,790.08,1805.21,1.0
17-10-28_00:26:40,192.0,76.4,0.0,0.125,0.1,790.08,1805.21,1.0
17-10-28_00:26:40,192.0,76.4,0.0,0.125,0.1,790.08,1805.21,1.0
17-10-28_00:26:40,192.0,76.4,0.0,0.125,0.1,790.08,1805.21,1.0
17-10-28_00:26:40,192.0,76.4,0.0,0.125,0.1,790.08,1805.21,1.0
17-10-28_00:26:40,192.0,76.4,0.0,0.125,0.1,790.08,1805.21,1.0
17-10-28_00:26:40,192.0,76.4,0.0,0.125,0.1,790.08,1805.21,1.0
17-10-28_00:26:40,192.0,76.4,0.0,0.125,0.1,790.08,1805.21,1.0
17-10-28_00:26:40,192.0,76.4,0.0,0.125,0.1,790.08,1805.21,1.0
17-10-28_00:26:40,192.0,76.4,0.0,0.125,0.1,790.08,1805.21,1.0
17-10-28_00:26:40,192.0,76.4,0.0,0.125,0.1,790.08,1805.21,1.0
17-10-28_00:26:40,192.0,76.4,0.0,0.125,0.1,790.08,1805.21,1.0
17-10-28_00:26:40,192.0,76.4,0.0,0.125,0.1,790.08,1805.21,1.0
17-10-28_00:26:40,192.0,76.4,0.0,0.125,0.1,790.08,1805.21,1.0
17-10-28_00:26:40,192.0,76.4,0.0,0.125,0.1,790.08,1805.21,1.0
17-10-28_00:26:40,192.0,76.4,0.0,0.125,0.1,790.08,1805.21,1.0
17-10-28_00:26:40,192.0,76.4,0.0,0.1025,0.1,790.08,1805.21,1.0
17-10-28_00:26:40,192.0,76.4,0.0,0.1025,0.1,790.08,1805.21,1.0
17-10-28_00:26:40,192.0,76.4,0.0,0.1025,0.1,790.08,1805.21,1.0
17-10-28_00:26:40,192.0,76.4,0.0,0.1025,0.1,790.08,1805.21,1.0
17-10-28_00:26:40,192.0,76.4,0.0,0.1025,0.1,790.08,1805.21,1.0
17-10-28_00:26:40,192.0,76.4,0.0,0.1025,0.1,790.08,1805.21,1.0
17-10-28_00:26:40,192.0,76.4,0.0,0.1025,0.1,790.08,1805.21,1.0
17-10-28_00:26:40,192.0,76.4,0.0,0.1025,0.1,790.08,1805.21,1.0
17-10-28_00:26:40,192.0,76.4,0.0,0.1025,0.1,790.08,1805.21,1.0
17-10-28_00:26:40,192.0,76.4,0.0,0.1025,0.1,790.08,1805.21,1.0
17-10-28_00:26:40,192.0,76.4,0.0,0.1025,0.1,790.08,1805.21,1.0
17-10-28_00:26:40,192.0,76.4,0.0,0.1025,0.1,790.08,1805.21,1.0
17-10-28_00:26:40,192.0,76.4,0.0,0.1025,0.1,790.08,1805.21,1.0
17-10-28_00:26:40,192.0,76.4,0.0,0.1025,0.1,790.08,1805.21,1.0
17-10-28_00:26:40,192.0,76.4,0.0,0.1025,0.1,790.08,1805.21,1.0
17-10-28_00:26:40,192.0,76.4,0.0,0.1025,0.1,790.08,1805.21,1.0
17-10-28_00:26:40,192.0,76.4,0.0,0.1025,0.1,790.08,1805.21,1.0
17-10-28_00:26:40,192.0,76.4,0.0,0.1025,0.1,790.08,1805.21,1.0
17-10-28_00:26:40,192.0,76.4,0.0,0.1025,0.1,790.08,1805.21,1.0
17-10-28_00:26:40,192.0,76.4,0.0,0.1025,0.1,790.08,1805.21,1.0
17-10-28_00:26:40,192.0,76.4,0.0,0.1025,0.1,790.08,1805.21,1.0
17-10-28_00:26:40,192.0,76.4,0.0,0.1025,0.1,790.08,1805.21,1.0
17-10-28_00:26:40,192.0,76.4,0.0,0.1025,0.1,790.08,1805.21,1.0
17-10-28_00:26:40,192.0,76.4,0.0,0.1025,0.1,790.08,1805.21,1.0
17-10-28_00:26:40,192.0,76.4,0.0,0.1025,0.1,790.08,1805.21,1.0
17-10-28_00:26:40,192.0,76.4,0.0,0.1025,0.1,790.08,1805.21,1.0
17-10-28_00:26:40,192.0,76.4,0.0,0.1025,0.1,790.08,1805.21,1.0
17-10-28_00:26:40,192.0,28.2,0.0,0.2,0.1,790.08,1805.21,1.0
17-10-28_00:26:40,192.0,28.2,0.0,0.2,0.1,790.08,1805.21,1.0
17-10-28_00:26:40,192.0,28.2,0.0,0.2,0.1,790.08,1805.21,1.0
17-10-28_00:26:40,192.0,28.2,0.0,0.2,0.1,790.08,1805.21,1.0
17-10-28_00:26:40,192.0,28.2,0.0,0.2,0.1,790.08,1805.21,1.0
17-10-28_00:26:40,192.0,28.2,0.0,0.2,0.1,790.08,1805.21,1.0
17-10-28_00:26:40,192.0,28.2,0.0,0.2,0.1,790.08,1805.21,1.0
17-10-28_00:26:40,192.0,28.2,0.0,0.2,0.1,790.08,1805.21,1.0
17-10-28_00:26:40,192.0,28.2,0.0,0.2,0.1,790.08,1805.21,1.0
17-10-28_00:26:40,192.0,28.2,0.0,0.2,0.1,790.08,1805.21,1.0
17-10-28_00:26:40,192.0,28.2,0.0,0.2,0.1,790.08,1805.21,1.0
17-10-28_00:26:40,192.0,28.2,0.0,0.2,0.1,790.08,1805.21,1.0
17-10-28_00:26:40,192.0,28.2,0.0,0.2,0.1,790.08,1805.21,1.0
17-10-28_00:26:40,192.0,28.2,0.0,0.2,0.1,790.08,1805.21,1.0
17-10-28_00:26:40,192.0,28.2,0.0,0.2,0.1,790.08,1805.21,1.0
17-10-28_00:26:40,192.0,28.2,0.0,0.2,0.1,790.08,1805.21,1.0
17-10-28_00:26:40,192.0,28.2,0.0,0.2,0.1,790.08,1805.21,1.0
17-10-28_00:26:40,192.0,28.2,0.0,0.2,0.1,790.08,1805.21,1.0
17-10-28_00:26:40,192.0,28.2,0.0,0.2,0.1,790.08,1805.21,1.0
17-10-28_00:26:40,192.0,28.2,0.0,0.2,0.1,790.08,1805.21,1.0
17-10-28_00:26:40,192.0,28.2,0.0,0.2,0.1,790.08,1805.21,1.0
17-10-28_00:26:40,192.0,28.2,0.0,0.2,0.1,790.08,1805.21,1.0
17-10-28_00:26:40,192.0,28.2,0.0,0.2,0.1,790.08,1805.21,1.0
17-10-28_00:26:40,192.0,28.2,0.0,0.2,0.1,790.08,1805.21,1.0
17-10-28_00:26:40,192.0,28.2,0.0,0.2,0.1,790.08,1805.21,1.0
17-10-28_00:26:40,192.0,28.2,0.0,0.2,0.1,790.08,1805.21,1.0
17-10-28_00:26:40,192.0,28.2,0.0,0.2,0.1,790.08,1805.21,1.0
17-10-28_00:26:40,192.0,28.2,0.0,0.125,0.1,790.08,1805.21,1.0
17-10-28_00:26:40,192.0,28.2,0.0,0.125,0.1,790.08,1805.21,1.0
17-10-28_00:26:40,192.0,28.2,0.0,0.125,0.1,790.08,1805.21,1.0
17-10-28_00:26:40,192.0,28.2,0.0,0.125,0.1,790.08,1805.21,1.0
17-10-28_00:26:40,192.0,28.2,0.0,0.125,0.1,790.08,1805.21,1.0
17-10-28_00:26:40,192.0,28.2,0.0,0.125,0.1,790.08,1805.21,1.0
17-10-28_00:26:40,192.0,28.2,0.0,0.125,0.1,790.08,1805.21,1.0
17-10-28_00:26:40,192.0,28.2,0.0,0.125,0.1,790.08,1805.21,1.0
17-10-28_00:26:40,192.0,28.2,0.0,0.125,0.1,790.08,1805.21,1.0
17-10-28_00:26:40,192.0,28.2,0.0,0.125,0.1,790.08,1805.21,1.0
17-10-28_00:26:40,192.0,28.2,0.0,0.125,0.1,790.08,1805.21,1.0
17-10-28_00:26:40,192.0,28.2,0.0,0.125,0.1,790.08,1805.21,1.0
17-10-28_00:26:40,192.0,28.2,0.0,0.125,0.1,790.08,1805.21,1.0
17-10-28_00:26:40,192.0,28.2,0.0,0.125,0.1,790.08,1805.21,1.0
17-10-28_00:26:40,192.0,28.2,0.0,0.125,0.1,790.08,1805.21,1.0
17-10-28_00:26:40,192.0,28.2,0.0,0.125,0.1,790.08,1805.21,1.0
17-10-28_00:26:40,192.0,28.2,0.0,0.125,0.1,790.08,1805.21,1.0
17-10-28_00:26:40,192.0,28.2,0.0,0.125,0.1,790.08,1805.21,1.0
17-10-28_00:26:40,192.0,28.2,0.0,0.125,0.1,790.08,1805.21,1.0
17-10-28_00:26:40,192.0,28.2,0.0,0.125,0.1,790.08,1805.21,1.0
17-10-28_00:26:40,192.0,28.2,0.0,0.125,0.1,790.08,1805.21,1.0
17-10-28_00:26:40,192.0,28.2,0.0,0.125,0.1,790.08,1805.21,1.0
17-10-28_00:26:40,192.0,28.2,0.0,0.125,0.1,790.08,1805.21,1.0
17-10-28_00:26:40,192.0,28.2,0.0,0.125,0.1,790.08,1805.21,1.0
17-10-28_00:26:40,192.0,28.2,0.0,0.125,0.1,790.08,1805.21,1.0
17-10-28_00:26:40,192.0,28.2,0.0,0.125,0.1,790.08,1805.21,1.0
17-10-28_00:26:40,192.0,28.2,0.0,0.125,0.1,790.08,1805.21,1.0
17-10-28_00:26:40,192.0,28.2,0.0,0.1025,0.1,790.08,1805.21,1.0
17-10-28_00:26:40,192.0,28.2,0.0,0.1025,0.1,790.08,1805.21,1.0
17-10-28_00:26:40,192.0,28.2,0.0,0.1025,0.1,790.08,1805.21,1.0
17-10-28_00:26:40,192.0,28.2,0.0,0.1025,0.1,790.08,1805.21,1.0
17-10-28_00:26:40,192.0,28.2,0.0,0.1025,0.1,790.08,1805.21,1.0
17-10-28_00:26:40,192.0,28.2,0.0,0.1025,0.1,790.08,1805.21,1.0
17-10-28_00:26:40,192.0,28.2,0.0,0.1025,0.1,790.08,1805.21,1.0
17-10-28_00:26:40,192.0,28.2,0.0,0.1025,0.1,790.08,1805.21,1.0
17-10-28_00:26:40,192.0,28.2,0.0,0.1025,0.1,790.08,1805.21,1.0
17-10-28_00:26:40,192.0,28.2,0.0,0.1025,0.1,790.08,1805.21,1.0
17-10-28_00:26:40,192.0,28.2,0.0,0.1025,0.1,790.08,1805.21,1.0
17-10-28_00:26:40,192.0,28.2,0.0,0.1025,0.1,790.08,1805.21,1.0
17-10-28_00:26:40,192.0,28.2,0.0,0.1025,0.1,790.08,1805.21,1.0
17-10-28_00:26:40,192.0,28.2,0.0,0.1025,0.1,790.08,1805.21,1.0
17-10-28_00:26:40,192.0,28.2,0.0,0.1025,0.1,790.08,1805.21,1.0
17-10-28_00:26:40,192.0,28.2,0.0,0.1025,0.1,790.08,1805.21,1.0
17-10-28_00:26:40,192.0,28.2,0.0,0.1025,0.1,790.08,1805.21,1.0
17-10-28_00:26:40,192.0,28.2,0.0,0.1025,0.1,790.08,1805.21,1.0
17-10-28_00:26:40,192.0,28.2,0.0,0.1025,0.1,790.08,1805.21,1.0
17-10-28_00:26:40,192.0,28.2,0.0,0.1025,0.1,790.08,1805.21,1.0
17-10-28_00:26:40,192.0,28.2,0.0,0.1025,0.1,790.08,1805.21,1.0
17-10-28_00:26:40,192.0,28.2,0.0,0.1025,0.1,790.08,1805.21,1.0
17-10-28_00:26:40,192.0,28.2,0.0,0.1025,0.1,790.08,1805.21,1.0
17-10-28_00:26:40,192.0,28.2,0.0,0.1025,0.1,790.08,1805.21,1.0
17-10-28_00:26:40,192.0,28.2,0.0,0.1025,0.1,790.08,1805.21,1.0
17-10-28_00:26:40,192.0,28.2,0.0,0.1025,0.1,790.08,1805.21,1.0
17-10-28_00:26:40,192.0,28.2,0.0,0.1025,0.1,790.08,1805.21,1.0
17-10-28_00:26:43,192.0,0.0,23.1,0.2,0.1,790.08,1805.21,1.0
17-10-28_00:26:43,192.0,0.0,2.8,0.2,0.1,790.08,1805.21,1.0
17-10-28_00:26:43,192.0,0.0,2.8,0.2,0.1,790.08,1805.21,1.0
17-10-28_00:26:43,192.0,0.0,23.1,0.2,0.1,790.08,1805.21,1.0
17-10-28_00:26:43,192.0,0.0,2.8,0.2,0.1,790.08,1805.21,1.0
17-10-28_00:26:43,192.0,0.0,23.1,0.2,0.1,790.08,1805.21,1.0
17-10-28_00:26:43,192.0,0.0,2.6,0.2,0.1,790.08,1805.21,1.0
17-10-28_00:26:43,192.0,0.0,2.6,0.2,0.1,790.08,1805.21,1.0
17-10-28_00:26:43,192.0,0.0,2.6,0.2,0.1,790.08,1805.21,1.0
17-10-28_00:26:43,192.0,0.0,4300.0,0.2,0.1,790.08,1805.21,1.0
17-10-28_00:26:43,192.0,0.0,4100.0,0.2,0.1,790.08,1805.21,1.0
17-10-28_00:26:43,192.0,0.0,4300.0,0.2,0.1,790.08,1805.21,1.0
17-10-28_00:26:43,192.0,0.0,4200.0,0.2,0.1,790.08,1805.21,1.0
17-10-28_00:26:43,192.0,0.0,4100.0,0.2,0.1,790.08,1805.21,1.0
17-10-28_00:26:43,192.0,0.0,4200.0,0.2,0.1,790.08,1805.21,1.0
17-10-28_00:26:43,192.0,0.0,4300.0,0.2,0.1,790.08,1805.21,1.0
17-10-28_00:26:43,192.0,0.0,4200.0,0.2,0.1,790.08,1805.21,1.0
17-10-28_00:26:43,192.0,0.0,4200.0,0.2,0.1,790.08,1805.21,1.0
17-10-28_00:26:43,192.0,0.0,4200.0,0.2,0.1,790.08,1805.21,1.0
17-10-28_00:26:43,192.0,0.0,4300.0,0.2,0.1,790.08,1805.21,1.0
17-10-28_00:26:43,192.0,0.0,4200.0,0.2,0.1,790.08,1805.21,1.0
17-10-28_00:26:43,192.0,0.0,2.8,0.2,0.1,790.08,1805.21,1.0
17-10-28_00:26:43,192.0,0.0,2.8,0.2,0.1,790.08,1805.21,1.0
17-10-28_00:26:43,192.0,0.0,4200.0,0.2,0.1,790.08,1805.21,1.0
17-10-28_00:26:43,192.0,0.0,2.8,0.2,0.1,790.08,1805.21,1.0
17-10-28_00:26:43,192.0,0.0,4200.0,0.2,0.1,790.08,1805.21,1.0
17-10-28_00:26:43,192.0,0.0,4200.0,0.2,0.1,790.08,1805.21,1.0
17-10-28_00:26:43,192.0,0.0,4200.0,0.2,0.1,790.08,1805.21,1.0
17-10-28_00:26:43,192.0,0.0,4.0,0.2,0.1,790.08,1805.21,1.0
17-10-28_00:26:43,192.0,0.0,4000.0,0.2,0.1,790.08,1805.21,1.0
17-10-28_00:26:43,192.0,0.0,1355.9,0.2,0.1,790.08,1805.21,1.0
17-10-28_00:26:43,192.0,0.0,3000.0,0.2,0.1,790.08,1805.21,1.0
17-10-28_00:26:43,192.0,0.0,2.6,0.2,0.1,790.08,1805.21,1.0
17-10-28_00:26:43,192.0,0.0,2.6,0.2,0.1,790.08,1805.21,1.0
17-10-28_00:26:43,192.0,0.0,2.6,0.2,0.1,790.08,1805.21,1.0
17-10-28_00:26:43,192.0,0.0,4000.0,0.2,0.1,790.08,1805.21,1.0
17-10-28_00:26:43,192.0,0.0,4000.0,0.2,0.1,790.08,1805.21,1.0
17-10-28_00:26:43,192.0,0.0,4000.0,0.2,0.1,790.08,1805.21,1.0
17-10-28_00:26:43,192.0,0.0,4000.0,0.2,0.1,790.08,1805.21,1.0
17-10-28_00:26:43,192.0,0.0,4000.0,0.2,0.1,790.08,1805.21,1.0
17-10-28_00:26:43,192.0,0.0,4000.0,0.2,0.1,790.08,1805.21,1.0
17-10-28_00:26:43,192.0,0.0,4000.0,0.2,0.1,790.08,1805.21,1.0
17-10-28_00:26:43,192.0,0.0,4000.0,0.2,0.1,790.08,1805.21,1.0
17-10-28_00:26:43,192.0,0.0,909.1,0.2,0.1,790.08,1805.21,1.0
17-10-28_00:26:43,192.0,0.0,164.4,0.2,0.1,790.08,1805.21,1.0
17-10-28_00:26:43,192.0,0.0,3.3,0.2,0.1,790.08,1805.21,1.0
17-10-28_00:26:43,192.0,0.0,3.3,0.2,0.1,790.08,1805.21,1.0
17-10-28_00:26:43,192.0,0.0,3.3,0.2,0.1,790.08,1805.21,1.0
17-10-28_00:26:43,192.0,0.0,3000.0,0.2,0.1,790.08,1805.21,1.0
17-10-28_00:26:43,192.0,0.0,3000.0,0.2,0.1,790.08,1805.21,1.0
17-10-28_00:26:43,192.0,0.0,3.4,0.2,0.1,790.08,1805.21,1.0
17-10-28_00:26:43,192.0,0.0,3.4,0.2,0.1,790.08,1805.21,1.0
17-10-28_00:26:43,192.0,0.0,100400.0,0.2,0.1,790.08,1805.21,1.0
17-10-28_00:26:43,192.0,0.0,4000.0,0.2,0.1,790.08,1805.21,1.0
17-10-28_00:26:43,192.0,0.0,4000.0,0.2,0.1,790.08,1805.21,1.0
17-10-28_00:26:43,192.0,0.0,4000.0,0.2,0.1,790.08,1805.21,1.0
17-10-28_00:26:43,192.0,0.0,4000.0,0.2,0.1,790.08,1805.21,1.0
17-10-28_00:26:43,192.0,0.0,4000.0,0.2,0.1,790.08,1805.21,1.0
17-10-28_00:26:43,192.0,0.0,3.3,0.2,0.1,790.08,1805.21,1.0
17-10-28_00:26:43,192.0,0.0,3.3,0.2,0.1,790.08,1805.21,1.0
17-10-28_00:26:43,192.0,0.0,3.3,0.2,0.1,790.08,1805.21,1.0
17-10-28_00:26:43,192.0,0.0,4000.0,0.2,0.1,790.08,1805.21,1.0
17-10-28_00:26:43,192.0,0.0,4000.0,0.2,0.1,790.08,1805.21,1.0
17-10-28_00:26:43,192.0,0.0,4000.0,0.2,0.1,790.08,1805.21,1.0
17-10-28_00:26:43,192.0,0.0,909.1,0.2,0.1,790.08,1805.21,1.0
17-10-28_00:26:43,192.0,0.0,164.4,0.2,0.1,790.08,1805.21,1.0
17-10-28_00:26:43,192.0,0.0,4000.0,0.2,0.1,790.08,1805.21,1.0
17-10-28_00:26:43,192.0,0.0,1355.9,0.2,0.1,790.08,1805.21,1.0
17-10-28_00:26:43,192.0,0.0,4.0,0.2,0.1,790.08,1805.21,1.0
17-10-28_00:26:43,192.0,0.0,2.4,0.2,0.1,790.08,1805.21,1.0
17-10-28_00:26:43,192.0,0.0,2.4,0.2,0.1,790.08,1805.21,1.0
17-10-28_00:26:43,192.0,0.0,70200.0,0.2,0.1,790.08,1805.21,1.0
17-10-28_00:26:43,192.0,0.0,3.4,0.2,0.1,790.08,1805.21,1.0
17-10-28_00:26:43,192.0,0.0,3.4,0.2,0.1,790.08,1805.21,1.0
17-10-28_00:26:43,192.0,0.0,70200.0,0.2,0.1,790.08,1805.21,1.0
17-10-28_00:26:43,192.0,0.0,4000.0,0.2,0.1,790.08,1805.21,1.0
17-10-28_00:26:43,192.0,0.0,164.4,0.2,0.1,790.08,1805.21,1.0
17-10-28_00:26:43,192.0,0.0,4000.0,0.2,0.1,790.08,1805.21,1.0
17-10-28_00:26:43,192.0,0.0,4000.0,0.2,0.1,790.08,1805.21,1.0
17-10-28_00:26:43,192.0,0.0,4000.0,0.2,0.1,790.08,1805.21,1.0
17-10-28_00:26:43,192.0,0.0,164.4,0.2,0.1,790.08,1805.21,1.0
17-10-28_00:26:43,192.0,0.0,4000.0,0.2,0.1,790.08,1805.21,1.0
17-10-28_00:26:43,192.0,0.0,4000.0,0.2,0.1,790.08,1805.21,1.0
17-10-28_00:26:43,192.0,0.0,4000.0,0.2,0.1,790.08,1805.21,1.0
17-10-28_00:26:43,192.0,0.0,4000.0,0.2,0.1,790.08,1805.21,1.0
17-10-28_00:26:43,192.0,0.0,4000.0,0.2,0.1,790.08,1805.21,1.0
17-10-28_00:26:43,192.0,0.0,909.1,0.2,0.1,790.08,1805.21,1.0
17-10-28_00:26:43,192.0,0.0,4000.0,0.2,0.1,790.08,1805.21,1.0
17-10-28_00:26:43,192.0,0.0,4000.0,0.2,0.1,790.08,1805.21,1.0
17-10-28_00:26:43,192.0,0.0,4000.0,0.2,0.1,790.08,1805.21,1.0
17-10-28_00:26:43,192.0,0.0,4000.0,0.2,0.1,790.08,1805.21,1.0
17-10-28_00:26:43,192.0,0.0,4000.0,0.2,0.1,790.08,1805.21,1.0
17-10-28_00:26:43,192.0,0.0,4000.0,0.2,0.1,790.08,1805.21,1.0
17-10-28_00:26:43,192.0,0.0,4000.0,0.2,0.1,790.08,1805.21,1.0
17-10-28_00:26:43,192.0,0.0,909.1,0.2,0.1,790.08,1805.21,1.0
17-10-28_00:26:43,192.0,0.0,4.0,0.2,0.1,790.08,1805.21,1.0
17-10-28_00:26:43,192.0,0.0,4000.0,0.2,0.1,790.08,1805.21,1.0
17-10-28_00:26:43,192.0,0.0,3000.0,0.2,0.1,790.08,1805.21,1.0
17-10-28_00:26:43,192.0,0.0,1355.9,0.2,0.1,790.08,1805.21,1.0
17-10-28_00:26:43,192.0,0.0,4.0,0.2,0.1,790.08,1805.21,1.0
17-10-28_00:26:43,192.0,0.0,4000.0,0.2,0.1,790.08,1805.21,1.0
17-10-28_00:26:43,192.0,0.0,3000.0,0.2,0.1,790.08,1805.21,1.0
17-10-28_00:26:43,192.0,0.0,1355.9,0.2,0.1,790.08,1805.21,1.0
17-10-28_00:26:43,192.0,0.0,3000.0,0.2,0.1,790.08,1805.21,1.0
17-10-28_00:26:43,192.0,0.0,25.0,0.2,0.1,790.08,1805.21,1.0
17-10-28_00:26:43,192.0,0.0,25.0,0.2,0.1,790.08,1805.21,1.0
17-10-28_00:26:43,192.0,0.0,25.0,0.2,0.1,790.08,1805.21,1.0
17-10-28_00:26:43,192.0,0.0,25.0,0.2,0.1,790.08,1805.21,1.0
17-10-28_00:26:43,192.0,0.0,2.4,0.2,0.1,790.08,1805.21,1.0
17-10-28_00:26:43,192.0,0.0,2.4,0.2,0.1,790.08,1805.21,1.0
17-10-28_00:26:43,192.0,0.0,2.9,0.2,0.1,790.08,1805.21,1.0
17-10-28_00:26:43,192.0,0.0,2.9,0.2,0.1,790.08,1805.21,1.0
17-10-28_00:26:43,192.0,0.0,2.9,0.2,0.1,790.08,1805.21,1.0
17-10-28_00:26:43,192.0,0.0,28.2,0.2,0.1,790.08,1805.21,1.0
17-10-28_00:26:43,192.0,0.0,28.2,0.2,0.1,790.08,1805.21,1.0
17-10-28_00:30:43,191.0,238.5,0.0,0.1,0.1,786.24,2383.64,1.0
17-10-28_00:30:43,191.0,23.1,0.0,0.1,0.1,786.24,2383.64,1.0
17-10-28_00:30:43,191.0,4.9,0.0,0.1,0.1,786.24,2383.64,1.0
17-10-28_00:30:43,191.0,2.8,0.0,0.1,0.1,786.24,2383.64,1.0
17-10-28_00:30:53,191.0,4.8,0.0,55.6,2.6,786.24,2383.64,1.0
17-10-28_00:30:53,191.0,2.6,0.0,55.6,2.6,786.24,2383.64,1.0
17-10-28_00:30:56,191.0,3.9,0.0,55.6,2.6,786.24,2383.64,1.0
17-10-28_00:30:56,191.0,3.9,0.0,55.6,2.6,786.24,2383.64,1.0
17-10-28_00:30:56,191.0,3.9,0.0,55.6,2.6,786.24,2383.64,1.0
17-10-28_00:30:56,191.0,3.9,0.0,55.6,2.6,786.24,2383.64,1.0
17-10-28_00:30:56,191.0,3.9,0.0,55.6,2.6,786.24,2383.64,1.0
17-10-28_00:30:56,191.0,3.9,0.0,55.6,2.6,786.24,2383.64,1.0
17-10-28_00:30:56,191.0,3.9,0.0,55.6,2.6,786.24,2383.64,1.0
17-10-28_00:30:56,191.0,3.9,0.0,55.6,2.6,786.24,2383.64,1.0
17-10-28_00:30:56,191.0,3.9,0.0,55.6,2.6,786.24,2383.64,1.0
17-10-28_00:30:56,191.0,3.9,0.0,55.6,2.6,786.24,2383.64,1.0
17-10-28_00:30:56,191.0,3.9,0.0,55.6,2.6,786.24,2383.64,1.0
17-10-28_00:30:56,191.0,3.9,0.0,55.6,2.6,786.24,2383.64,1.0
17-10-28_00:30:56,191.0,3.9,0.0,55.6,2.6,786.24,2383.64,1.0
17-10-28_00:30:56,191.0,3.9,0.0,55.6,2.6,786.24,2383.64,1.0
17-10-28_00:30:56,191.0,3.9,0.0,55.6,2.6,786.24,2383.64,1.0
17-10-28_00:30:56,191.0,3.9,0.0,55.6,2.6,786.24,2383.64,1.0
17-10-28_00:30:56,191.0,4.0,0.0,55.6,2.6,786.24,2383.64,1.0
17-10-28_00:30:56,191.0,4.0,0.0,55.6,2.6,786.24,2383.64,1.0
17-10-28_00:30:56,191.0,4.0,0.0,55.6,2.6,786.24,2383.64,1.0
17-10-28_00:30:56,191.0,4.0,0.0,55.6,2.6,786.24,2383.64,1.0
17-10-28_00:30:56,191.0,4.0,0.0,55.6,2.6,786.24,2383.64,1.0
17-10-28_00:30:56,191.0,4.0,0.0,55.6,2.6,786.24,2383.64,1.0
17-10-28_00:30:56,191.0,4.0,0.0,55.6,2.6,786.24,2383.64,1.0
17-10-28_00:30:56,191.0,4.0,0.0,55.6,2.6,786.24,2383.64,1.0
17-10-28_00:30:56,191.0,4.0,0.0,55.6,2.6,786.24,2383.64,1.0
17-10-28_00:30:56,191.0,4.0,0.0,55.6,2.6,786.24,2383.64,1.0
17-10-28_00:30:56,191.0,4.0,0.0,55.6,2.6,786.24,2383.64,1.0
17-10-28_00:30:56,191.0,4.0,0.0,55.6,2.6,786.24,2383.64,1.0
17-10-28_00:30:56,191.0,4.0,0.0,55.6,2.6,786.24,2383.64,1.0
17-10-28_00:30:56,191.0,4.0,0.0,55.6,2.6,786.24,2383.64,1.0
17-10-28_00:30:56,191.0,4.0,0.0,55.6,2.6,786.24,2383.64,1.0
17-10-28_00:30:56,191.0,4.0,0.0,55.6,2.6,786.24,2383.64,1.0
17-10-28_00:30:56,191.0,38000.0,0.0,55.6,2.6,786.24,2383.64,1.0
17-10-28_00:30:56,191.0,38000.0,0.0,55.6,2.6,786.24,2383.64,1.0
17-10-28_00:30:56,191.0,38000.0,0.0,55.6,2.6,786.24,2383.64,1.0
17-10-28_00:30:56,191.0,38000.0,0.0,55.6,2.6,786.24,2383.64,1.0
17-10-28_00:30:56,191.0,38000.0,0.0,55.6,2.6,786.24,2383.64,1.0
17-10-28_00:30:56,191.0,38000.0,0.0,55.6,2.6,786.24,2383.64,1.0
17-10-28_00:30:56,191.0,38000.0,0.0,55.6,2.6,786.24,2383.64,1.0
17-10-28_00:30:56,191.0,38000.0,0.0,55.6,2.6,786.24,2383.64,1.0
17-10-28_00:30:56,191.0,38000.0,0.0,55.6,2.6,786.24,2383.64,1.0
17-10-28_00:30:56,191.0,38000.0,0.0,55.6,2.6,786.24,2383.64,1.0
17-10-28_00:30:56,191.0,38000.0,0.0,55.6,2.6,786.24,2383.64,1.0
17-10-28_00:30:56,191.0,38000.0,0.0,55.6,2.6,786.24,2383.64,1.0
17-10-28_00:30:56,191.0,38000.0,0.0,55.6,2.6,786.24,2383.64,1.0
17-10-28_00:30:56,191.0,38000.0,0.0,55.6,2.6,786.24,2383.64,1.0
17-10-28_00:30:56,191.0,38000.0,0.0,55.6,2.6,786.24,2383.64,1.0
17-10-28_00:30:56,191.0,38000.0,0.0,55.6,2.6,786.24,2383.64,1.0
17-10-28_00:30:56,191.0,4000.0,0.0,55.6,2.6,786.24,2383.64,1.0
17-10-28_00:30:56,191.0,4000.0,0.0,55.6,2.6,786.24,2383.64,1.0
17-10-28_00:30:56,191.0,4000.0,0.0,55.6,2.6,786.24,2383.64,1.0
17-10-28_00:30:56,191.0,4000.0,0.0,55.6,2.6,786.24,2383.64,1.0
17-10-28_00:30:56,191.0,4000.0,0.0,55.6,2.6,786.24,2383.64,1.0
17-10-28_00:30:56,191.0,4000.0,0.0,55.6,2.6,786.24,2383.64,1.0
17-10-28_00:30:56,191.0,4000.0,0.0,55.6,2.6,786.24,2383.64,1.0
17-10-28_00:30:56,191.0,4000.0,0.0,55.6,2.6,786.24,2383.64,1.0
17-10-28_00:30:56,191.0,4000.0,0.0,55.6,2.6,786.24,2383.64,1.0
17-10-28_00:30:56,191.0,4000.0,0.0,55.6,2.6,786.24,2383.64,1.0
17-10-28_00:30:56,191.0,4000.0,0.0,55.6,2.6,786.24,2383.64,1.0
17-10-28_00:30:56,191.0,4000.0,0.0,55.6,2.6,786.24,2383.64,1.0
17-10-28_00:30:56,191.0,4000.0,0.0,55.6,2.6,786.24,2383.64,1.0
17-10-28_00:30:56,191.0,4000.0,0.0,55.6,2.6,786.24,2383.64,1.0
17-10-28_00:30:56,191.0,4000.0,0.0,55.6,2.6,786.24,2383.64,1.0
17-10-28_00:30:56,191.0,4000.0,0.0,55.6,2.6,786.24,2383.64,1.0
17-10-28_00:30:56,191.0,1355.9,0.0,55.6,2.6,786.24,2383.64,1.0
17-10-28_00:30:56,191.0,1355.9,0.0,55.6,2.6,786.24,2383.64,1.0
17-10-28_00:30:56,191.0,1355.9,0.0,55.6,2.6,786.24,2383.64,1.0
17-10-28_00:30:56,191.0,1355.9,0.0,55.6,2.6,786.24,2383.64,1.0
17-10-28_00:30:56,191.0,1355.9,0.0,55.6,2.6,786.24,2383.64,1.0
17-10-28_00:30:56,191.0,1355.9,0.0,55.6,2.6,786.24,2383.64,1.0
17-10-28_00:30:56,191.0,1355.9,0.0,55.6,2.6,786.24,2383.64,1.0
17-10-28_00:30:56,191.0,1355.9,0.0,55.6,2.6,786.24,2383.64,1.0
17-10-28_00:30:56,191.0,1355.9,0.0,55.6,2.6,786.24,2383.64,1.0
17-10-28_00:30:56,191.0,1355.9,0.0,55.6,2.6,786.24,2383.64,1.0
17-10-28_00:30:56,191.0,1355.9,0.0,55.6,2.6,786.24,2383.64,1.0
17-10-28_00:30:56,191.0,1355.9,0.0,55.6,2.6,786.24,2383.64,1.0
17-10-28_00:30:56,191.0,1355.9,0.0,55.6,2.6,786.24,2383.64,1.0
17-10-28_00:30:56,191.0,1355.9,0.0,55.6,2.6,786.24,2383.64,1.0
17-10-28_00:30:56,191.0,1355.9,0.0,55.6,2.6,786.24,2383.64,1.0
17-10-28_00:30:56,191.0,1355.9,0.0,55.6,2.6,786.24,2383.64,1.0
17-10-28_00:30:56,191.0,9500.0,0.0,55.6,2.6,786.24,2383.64,1.0
17-10-28_00:30:56,191.0,9500.0,0.0,55.6,2.6,786.24,2383.64,1.0
17-10-28_00:30:56,191.0,9500.0,0.0,55.6,2.6,786.24,2383.64,1.0
17-10-28_00:30:56,191.0,9500.0,0.0,55.6,2.6,786.24,2383.64,1.0
17-10-28_00:30:56,191.0,9500.0,0.0,55.6,2.6,786.24,2383.64,1.0
17-10-28_00:30:56,191.0,9500.0,0.0,55.6,2.6,786.24,2383.64,1.0
17-10-28_00:30:56,191.0,9500.0,0.0,55.6,2.6,786.24,2383.64,1.0
17-10-28_00:30:56,191.0,9500.0,0.0,55.6,2.6,786.24,2383.64,1.0
17-10-28_00:30:56,191.0,9500.0,0.0,55.6,2.6,786.24,2383.64,1.0
17-10-28_00:30:56,191.0,9500.0,0.0,55.6,2.6,786.24,2383.64,1.0
17-10-28_00:30:56,191.0,9500.0,0.0,55.6,2.6,786.24,2383.64,1.0
17-10-28_00:30:56,191.0,9500.0,0.0,55.6,2.6,786.24,2383.64,1.0
17-10-28_00:30:56,191.0,9500.0,0.0,55.6,2.6,786.24,2383.64,1.0
17-10-28_00:30:56,191.0,9500.0,0.0,55.6,2.6,786.24,2383.64,1.0
17-10-28_00:30:56,191.0,9500.0,0.0,55.6,2.6,786.24,2383.64,1.0
17-10-28_00:30:56,191.0,9500.0,0.0,55.6,2.6,786.24,2383.64,1.0
17-10-28_00:30:57,191.0,3000.0,0.0,55.6,2.6,786.24,2383.64,1.0
17-10-28_00:30:57,191.0,32900.0,0.0,55.6,2.6,786.24,2383.64,1.0
17-10-28_00:30:57,191.0,4000.0,0.0,55.6,2.6,786.24,2383.64,1.0
17-10-28_00:30:57,191.0,4000.0,0.0,55.6,2.6,786.24,2383.64,1.0
17-10-28_00:30:57,191.0,4000.0,0.0,55.6,2.6,786.24,2383.64,1.0
17-10-28_00:30:57,191.0,4000.0,0.0,55.6,2.6,786.24,2383.64,1.0
17-10-28_00:30:57,191.0,4000.0,0.0,55.6,2.6,786.24,2383.64,1.0
17-10-28_00:30:57,191.0,4000.0,0.0,55.6,2.6,786.24,2383.64,1.0
17-10-28_00:30:57,191.0,4000.0,0.0,55.6,2.6,786.24,2383.64,1.0
17-10-28_00:30:57,191.0,4000.0,0.0,55.6,2.6,786.24,2383.64,1.0
17-10-28_00:30:57,191.0,909.1,0.0,55.6,2.6,786.24,2383.64,1.0
17-10-28_00:30:57,191.0,32900.0,0.0,55.6,2.6,786.24,2383.64,1.0
17-10-28_00:30:57,191.0,164.4,0.0,55.6,2.6,786.24,2383.64,1.0
17-10-28_00:30:57,191.0,6.0,0.0,55.6,2.6,786.24,2383.64,1.0
17-10-28_00:30:57,191.0,3.3,0.0,55.6,2.6,786.24,2383.64,1.0
17-10-28_00:31:01,191.0,6.3,0.0,71.7,2.1,786.24,2383.64,1.0
17-10-28_00:31:01,191.0,3.4,0.0,71.7,2.1,786.24,2383.64,1.0
17-10-28_00:33:40,191.0,4.4,0.0,0.1,0.1,792.11,2553.12,1.0
17-10-28_00:33:40,191.0,4.4,0.0,0.1,0.1,792.11,2553.12,1.0
17-10-28_00:33:40,191.0,4.4,0.0,0.1,0.1,792.11,2553.12,1.0
17-10-28_00:33:40,191.0,4.4,0.0,0.1,0.1,792.11,2553.12,1.0
17-10-28_00:33:40,191.0,4.4,0.0,0.1,0.1,792.11,2553.12,1.0
17-10-28_00:33:40,191.0,4.4,0.0,0.1,0.1,792.11,2553.12,1.0
17-10-28_00:33:40,191.0,4.4,0.0,0.1,0.1,792.11,2553.12,1.0
17-10-28_00:33:40,191.0,4.4,0.0,0.1,0.1,792.11,2553.12,1.0
17-10-28_00:33:40,191.0,4.4,0.0,0.1,0.1,792.11,2553.12,1.0
17-10-28_00:33:40,191.0,4.4,0.0,0.1,0.1,792.11,2553.12,1.0
17-10-28_00:33:40,191.0,4.4,0.0,0.1,0.1,792.11,2553.12,1.0
17-10-28_00:33:40,191.0,4.4,0.0,0.1,0.1,792.11,2553.12,1.0
17-10-28_00:33:40,191.0,4.4,0.0,0.1,0.1,792.11,2553.12,1.0
17-10-28_00:33:40,191.0,4.4,0.0,0.1,0.1,792.11,2553.12,1.0
17-10-28_00:33:40,191.0,4.4,0.0,0.1,0.1,792.11,2553.12,1.0
17-10-28_00:33:40,191.0,4.4,0.0,0.1,0.1,792.11,2553.12,1.0
17-10-28_00:33:40,191.0,2.4,0.0,0.1,0.1,792.11,2553.12,1.0
17-10-28_00:33:40,191.0,2.4,0.0,0.1,0.1,792.11,2553.12,1.0
17-10-28_00:33:40,191.0,2.4,0.0,0.1,0.1,792.11,2553.12,1.0
17-10-28_00:33:40,191.0,2.4,0.0,0.1,0.1,792.11,2553.12,1.0
17-10-28_00:33:40,191.0,2.4,0.0,0.1,0.1,792.11,2553.12,1.0
17-10-28_00:33:40,191.0,2.4,0.0,0.1,0.1,792.11,2553.12,1.0
17-10-28_00:33:40,191.0,2.4,0.0,0.1,0.1,792.11,2553.12,1.0
17-10-28_00:33:40,191.0,2.4,0.0,0.1,0.1,792.11,2553.12,1.0
17-10-28_00:33:40,191.0,2.4,0.0,0.1,0.1,792.11,2553.12,1.0
17-10-28_00:33:40,191.0,2.4,0.0,0.1,0.1,792.11,2553.12,1.0
17-10-28_00:33:40,191.0,2.4,0.0,0.1,0.1,792.11,2553.12,1.0
17-10-28_00:33:40,191.0,2.4,0.0,0.1,0.1,792.11,2553.12,1.0
17-10-28_00:33:40,191.0,2.4,0.0,0.1,0.1,792.11,2553.12,1.0
17-10-28_00:33:40,191.0,2.4,0.0,0.1,0.1,792.11,2553.12,1.0
17-10-28_00:33:40,191.0,2.4,0.0,0.1,0.1,792.11,2553.12,1.0
17-10-28_00:33:40,191.0,2.4,0.0,0.1,0.1,792.11,2553.12,1.0
17-10-28_00:33:42,191.0,70.5,0.0,0.1,0.1,792.11,2553.12,1.0
17-10-28_00:33:42,191.0,25.0,0.0,0.1,0.1,792.11,2553.12,1.0
17-10-28_00:33:47,191.0,4.9,0.0,0.1,0.1,792.11,2553.12,1.0
17-10-28_00:33:47,191.0,2.9,0.0,0.1,0.1,792.11,2553.12,1.0
17-10-28_00:33:49,191.0,76.4,0.0,0.1,0.1,792.11,2553.12,1.0
17-10-28_00:33:49,191.0,28.3,0.0,0.1,0.1,792.11,2553.12,1.0
17-10-28_00:33:51,191.0,0.0,23.1,10.6,0.7,1056849.63,4970.13,1.0
17-10-28_00:33:51,191.0,0.0,2.8,10.6,0.7,1056849.63,4970.13,1.0
17-10-28_00:33:51,191.0,0.0,2.8,10.6,0.7,1056849.63,4970.13,1.0
17-10-28_00:33:51,191.0,0.0,23.1,10.6,0.7,1056849.63,4970.13,1.0
17-10-28_00:33:51,191.0,0.0,2.8,10.6,0.7,1056849.63,4970.13,1.0
17-10-28_00:33:51,191.0,0.0,23.1,10.6,0.7,1056849.63,4970.13,1.0
17-10-28_00:33:51,191.0,0.0,2.6,10.6,0.7,1056849.63,4970.13,1.0
17-10-28_00:33:51,191.0,0.0,2.6,10.6,0.7,1056849.63,4970.13,1.0
17-10-28_00:33:51,191.0,0.0,2.6,10.6,0.7,1056849.63,4970.13,1.0
17-10-28_00:33:51,191.0,0.0,4100.0,10.6,0.7,1056849.63,4970.13,1.0
17-10-28_00:33:51,191.0,0.0,4200.0,10.6,0.7,1056849.63,4970.13,1.0
17-10-28_00:33:51,191.0,0.0,4300.0,10.6,0.7,1056849.63,4970.13,1.0
17-10-28_00:33:51,191.0,0.0,4300.0,10.6,0.7,1056849.63,4970.13,1.0
17-10-28_00:33:51,191.0,0.0,2.8,10.6,0.7,1056849.63,4970.13,1.0
17-10-28_00:33:51,191.0,0.0,2.8,10.6,0.7,1056849.63,4970.13,1.0
17-10-28_00:33:51,191.0,0.0,2.8,10.6,0.7,1056849.63,4970.13,1.0
17-10-28_00:33:51,191.0,0.0,4100.0,10.6,0.7,1056849.63,4970.13,1.0
17-10-28_00:33:51,191.0,0.0,4300.0,10.6,0.7,1056849.63,4970.13,1.0
17-10-28_00:33:51,191.0,0.0,4200.0,10.6,0.7,1056849.63,4970.13,1.0
17-10-28_00:33:51,191.0,0.0,4300.0,10.6,0.7,1056849.63,4970.13,1.0
17-10-28_00:33:51,191.0,0.0,4200.0,10.6,0.7,1056849.63,4970.13,1.0
17-10-28_00:33:51,191.0,0.0,4200.0,10.6,0.7,1056849.63,4970.13,1.0
17-10-28_00:33:51,191.0,0.0,4200.0,10.6,0.7,1056849.63,4970.13,1.0
17-10-28_00:33:51,191.0,0.0,4200.0,10.6,0.7,1056849.63,4970.13,1.0
17-10-28_00:33:51,191.0,0.0,4200.0,10.6,0.7,1056849.63,4970.13,1.0
17-10-28_00:33:51,191.0,0.0,4200.0,10.6,0.7,1056849.63,4970.13,1.0
17-10-28_00:33:51,191.0,0.0,4200.0,10.6,0.7,1056849.63,4970.13,1.0
17-10-28_00:33:51,191.0,0.0,4200.0,10.6,0.7,1056849.63,4970.13,1.0
17-10-28_00:33:51,191.0,0.0,4.0,10.6,0.7,1056849.63,4970.13,1.0
17-10-28_00:33:51,191.0,0.0,4000.0,10.6,0.7,1056849.63,4970.13,1.0
17-10-28_00:33:51,191.0,0.0,1355.9,10.6,0.7,1056849.63,4970.13,1.0
17-10-28_00:33:51,191.0,0.0,3000.0,10.6,0.7,1056849.63,4970.13,1.0
17-10-28_00:33:51,191.0,0.0,4000.0,10.6,0.7,1056849.63,4970.13,1.0
17-10-28_00:33:51,191.0,0.0,4000.0,10.6,0.7,1056849.63,4970.13,1.0
17-10-28_00:33:51,191.0,0.0,4000.0,10.6,0.7,1056849.63,4970.13,1.0
17-10-28_00:33:51,191.0,0.0,4000.0,10.6,0.7,1056849.63,4970.13,1.0
17-10-28_00:33:51,191.0,0.0,4000.0,10.6,0.7,1056849.63,4970.13,1.0
17-10-28_00:33:51,191.0,0.0,4000.0,10.6,0.7,1056849.63,4970.13,1.0
17-10-28_00:33:51,191.0,0.0,4000.0,10.6,0.7,1056849.63,4970.13,1.0
17-10-28_00:33:51,191.0,0.0,4000.0,10.6,0.7,1056849.63,4970.13,1.0
17-10-28_00:33:51,191.0,0.0,909.1,10.6,0.7,1056849.63,4970.13,1.0
17-10-28_00:33:51,191.0,0.0,164.4,10.6,0.7,1056849.63,4970.13,1.0
17-10-28_00:33:51,191.0,0.0,3.3,10.6,0.7,1056849.63,4970.13,1.0
17-10-28_00:33:51,191.0,0.0,3.3,10.6,0.7,1056849.63,4970.13,1.0
17-10-28_00:33:51,191.0,0.0,3.3,10.6,0.7,1056849.63,4970.13,1.0
17-10-28_00:33:51,191.0,0.0,3000.0,10.6,0.7,1056849.63,4970.13,1.0
17-10-28_00:33:51,191.0,0.0,3000.0,10.6,0.7,1056849.63,4970.13,1.0
17-10-28_00:33:51,191.0,0.0,3.4,10.6,0.7,1056849.63,4970.13,1.0
17-10-28_00:33:51,191.0,0.0,3.4,10.6,0.7,1056849.63,4970.13,1.0
17-10-28_00:33:51,191.0,0.0,100700.0,10.6,0.7,1056849.63,4970.13,1.0
17-10-28_00:33:51,191.0,0.0,4000.0,10.6,0.7,1056849.63,4970.13,1.0
17-10-28_00:33:51,191.0,0.0,4000.0,10.6,0.7,1056849.63,4970.13,1.0
17-10-28_00:33:51,191.0,0.0,4000.0,10.6,0.7,1056849.63,4970.13,1.0
17-10-28_00:33:51,191.0,0.0,4000.0,10.6,0.7,1056849.63,4970.13,1.0
17-10-28_00:33:51,191.0,0.0,4000.0,10.6,0.7,1056849.63,4970.13,1.0
17-10-28_00:33:51,191.0,0.0,4000.0,10.6,0.7,1056849.63,4970.13,1.0
17-10-28_00:33:51,191.0,0.0,909.1,10.6,0.7,1056849.63,4970.13,1.0
17-10-28_00:33:51,191.0,0.0,4000.0,10.6,0.7,1056849.63,4970.13,1.0
17-10-28_00:33:51,191.0,0.0,4000.0,10.6,0.7,1056849.63,4970.13,1.0
17-10-28_00:33:51,191.0,0.0,164.4,10.6,0.7,1056849.63,4970.13,1.0
17-10-28_00:33:51,191.0,0.0,1355.9,10.6,0.7,1056849.63,4970.13,1.0
17-10-28_00:33:51,191.0,0.0,4000.0,10.6,0.7,1056849.63,4970.13,1.0
17-10-28_00:33:51,191.0,0.0,4.0,10.6,0.7,1056849.63,4970.13,1.0
17-10-28_00:33:51,191.0,0.0,3.3,10.6,0.7,1056849.63,4970.13,1.0
17-10-28_00:33:51,191.0,0.0,3.3,10.6,0.7,1056849.63,4970.13,1.0
17-10-28_00:33:51,191.0,0.0,3.3,10.6,0.7,1056849.63,4970.13,1.0
17-10-28_00:33:51,191.0,0.0,2.4,10.6,0.7,1056849.63,4970.13,1.0
17-10-28_00:33:51,191.0,0.0,2.4,10.6,0.7,1056849.63,4970.13,1.0
17-10-28_00:33:51,191.0,0.0,70200.0,10.6,0.7,1056849.63,4970.13,1.0
17-10-28_00:33:51,191.0,0.0,3.4,10.6,0.7,1056849.63,4970.13,1.0
17-10-28_00:33:51,191.0,0.0,3.4,10.6,0.7,1056849.63,4970.13,1.0
17-10-28_00:33:51,191.0,0.0,2.6,10.6,0.7,1056849.63,4970.13,1.0
17-10-28_00:33:51,191.0,0.0,2.6,10.6,0.7,1056849.63,4970.13,1.0
17-10-28_00:33:51,191.0,0.0,2.6,10.6,0.7,1056849.63,4970.13,1.0
17-10-28_00:33:51,191.0,0.0,70200.0,10.6,0.7,1056849.63,4970.13,1.0
17-10-28_00:33:51,191.0,0.0,4000.0,10.6,0.7,1056849.63,4970.13,1.0
17-10-28_00:33:51,191.0,0.0,164.4,10.6,0.7,1056849.63,4970.13,1.0
17-10-28_00:33:51,191.0,0.0,4000.0,10.6,0.7,1056849.63,4970.13,1.0
17-10-28_00:33:51,191.0,0.0,4000.0,10.6,0.7,1056849.63,4970.13,1.0
17-10-28_00:33:51,191.0,0.0,4000.0,10.6,0.7,1056849.63,4970.13,1.0
17-10-28_00:33:51,191.0,0.0,4000.0,10.6,0.7,1056849.63,4970.13,1.0
17-10-28_00:33:51,191.0,0.0,164.4,10.6,0.7,1056849.63,4970.13,1.0
17-10-28_00:33:51,191.0,0.0,4000.0,10.6,0.7,1056849.63,4970.13,1.0
17-10-28_00:33:51,191.0,0.0,4000.0,10.6,0.7,1056849.63,4970.13,1.0
17-10-28_00:33:51,191.0,0.0,4000.0,10.6,0.7,1056849.63,4970.13,1.0
17-10-28_00:33:51,191.0,0.0,4000.0,10.6,0.7,1056849.63,4970.13,1.0
17-10-28_00:33:51,191.0,0.0,4000.0,10.6,0.7,1056849.63,4970.13,1.0
17-10-28_00:33:51,191.0,0.0,909.1,10.6,0.7,1056849.63,4970.13,1.0
17-10-28_00:33:51,191.0,0.0,4000.0,10.6,0.7,1056849.63,4970.13,1.0
17-10-28_00:33:51,191.0,0.0,4000.0,10.6,0.7,1056849.63,4970.13,1.0
17-10-28_00:33:51,191.0,0.0,4000.0,10.6,0.7,1056849.63,4970.13,1.0
17-10-28_00:33:51,191.0,0.0,4000.0,10.6,0.7,1056849.63,4970.13,1.0
17-10-28_00:33:51,191.0,0.0,4000.0,10.6,0.7,1056849.63,4970.13,1.0
17-10-28_00:33:51,191.0,0.0,4000.0,10.6,0.7,1056849.63,4970.13,1.0
17-10-28_00:33:51,191.0,0.0,909.1,10.6,0.7,1056849.63,4970.13,1.0
17-10-28_00:33:51,191.0,0.0,4.0,10.6,0.7,1056849.63,4970.13,1.0
17-10-28_00:33:51,191.0,0.0,4000.0,10.6,0.7,1056849.63,4970.13,1.0
17-10-28_00:33:51,191.0,0.0,1355.9,10.6,0.7,1056849.63,4970.13,1.0
17-10-28_00:33:51,191.0,0.0,3000.0,10.6,0.7,1056849.63,4970.13,1.0
17-10-28_00:33:51,191.0,0.0,4.0,10.6,0.7,1056849.63,4970.13,1.0
17-10-28_00:33:51,191.0,0.0,4000.0,10.6,0.7,1056849.63,4970.13,1.0
17-10-28_00:33:51,191.0,0.0,3000.0,10.6,0.7,1056849.63,4970.13,1.0
17-10-28_00:33:51,191.0,0.0,1355.9,10.6,0.7,1056849.63,4970.13,1.0
17-10-28_00:33:51,191.0,0.0,3000.0,10.6,0.7,1056849.63,4970.13,1.0
17-10-28_00:33:51,191.0,0.0,2.4,10.6,0.7,1056849.63,4970.13,1.0
17-10-28_00:33:51,191.0,0.0,2.4,10.6,0.7,1056849.63,4970.13,1.0
17-10-28_00:33:51,191.0,0.0,25.0,10.6,0.7,1056849.63,4970.13,1.0
17-10-28_00:33:51,191.0,0.0,25.0,10.6,0.7,1056849.63,4970.13,1.0
17-10-28_00:33:51,191.0,0.0,25.0,10.6,0.7,1056849.63,4970.13,1.0
17-10-28_00:33:51,191.0,0.0,25.0,10.6,0.7,1056849.63,4970.13,1.0
17-10-28_00:33:51,191.0,0.0,2.9,10.6,0.7,1056849.63,4970.13,1.0
17-10-28_00:33:51,191.0,0.0,2.9,10.6,0.7,1056849.63,4970.13,1.0
17-10-28_00:33:51,191.0,0.0,2.9,10.6,0.7,1056849.63,4970.13,1.0
17-10-28_00:33:51,191.0,0.0,28.3,10.6,0.7,1056849.63,4970.13,1.0
17-10-28_00:33:51,191.0,0.0,28.3,10.6,0.7,1056849.63,4970.13,1.0
17-10-28_00:40:39,23.0,238.5,0.0,0.1,0.2,766.86,2265.31,1.0
17-10-28_00:40:39,23.0,23.1,0.0,0.1,0.2,766.86,2265.31,1.0
17-10-28_00:40:39,23.0,4.9,0.0,0.1,0.2,766.86,2265.31,1.0
17-10-28_00:40:39,23.0,2.8,0.0,0.1,0.2,766.86,2265.31,1.0
17-10-28_00:40:49,23.0,4.8,0.0,13.0,0.9,766.86,2265.31,1.0
17-10-28_00:40:49,23.0,2.6,0.0,13.0,0.9,766.86,2265.31,1.0
17-10-28_00:40:52,23.0,3.9,0.0,73.3,2.8,766.86,2265.31,1.0
17-10-28_00:40:52,23.0,3.9,0.0,73.3,2.8,766.86,2265.31,1.0
17-10-28_00:40:52,23.0,3.9,0.0,73.3,2.8,766.86,2265.31,1.0
17-10-28_00:40:52,23.0,3.9,0.0,73.3,2.8,766.86,2265.31,1.0
17-10-28_00:40:52,23.0,3.9,0.0,73.3,2.325,766.86,2265.31,1.0
17-10-28_00:40:52,23.0,3.9,0.0,73.3,2.325,766.86,2265.31,1.0
17-10-28_00:40:52,23.0,3.9,0.0,73.3,2.325,766.86,2265.31,1.0
17-10-28_00:40:52,23.0,3.9,0.0,73.3,2.325,766.86,2265.31,1.0
17-10-28_00:40:52,23.0,3.9,0.0,58.225,2.8,766.86,2265.31,1.0
17-10-28_00:40:52,23.0,3.9,0.0,58.225,2.8,766.86,2265.31,1.0
17-10-28_00:40:52,23.0,3.9,0.0,58.225,2.8,766.86,2265.31,1.0
17-10-28_00:40:52,23.0,3.9,0.0,58.225,2.8,766.86,2265.31,1.0
17-10-28_00:40:52,23.0,3.9,0.0,58.225,2.325,766.86,2265.31,1.0
17-10-28_00:40:52,23.0,3.9,0.0,58.225,2.325,766.86,2265.31,1.0
17-10-28_00:40:52,23.0,3.9,0.0,58.225,2.325,766.86,2265.31,1.0
17-10-28_00:40:52,23.0,3.9,0.0,58.225,2.325,766.86,2265.31,1.0
17-10-28_00:40:52,23.0,4.0,0.0,73.3,2.8,766.86,2265.31,1.0
17-10-28_00:40:52,23.0,4.0,0.0,73.3,2.8,766.86,2265.31,1.0
17-10-28_00:40:52,23.0,4.0,0.0,73.3,2.8,766.86,2265.31,1.0
17-10-28_00:40:52,23.0,4.0,0.0,73.3,2.8,766.86,2265.31,1.0
17-10-28_00:40:52,23.0,4.0,0.0,73.3,2.325,766.86,2265.31,1.0
17-10-28_00:40:52,23.0,4.0,0.0,73.3,2.325,766.86,2265.31,1.0
17-10-28_00:40:52,23.0,4.0,0.0,73.3,2.325,766.86,2265.31,1.0
17-10-28_00:40:52,23.0,4.0,0.0,73.3,2.325,766.86,2265.31,1.0
17-10-28_00:40:52,23.0,4.0,0.0,58.225,2.8,766.86,2265.31,1.0
17-10-28_00:40:52,23.0,4.0,0.0,58.225,2.8,766.86,2265.31,1.0
17-10-28_00:40:52,23.0,4.0,0.0,58.225,2.8,766.86,2265.31,1.0
17-10-28_00:40:52,23.0,4.0,0.0,58.225,2.8,766.86,2265.31,1.0
17-10-28_00:40:52,23.0,4.0,0.0,58.225,2.325,766.86,2265.31,1.0
17-10-28_00:40:52,23.0,4.0,0.0,58.225,2.325,766.86,2265.31,1.0
17-10-28_00:40:52,23.0,4.0,0.0,58.225,2.325,766.86,2265.31,1.0
17-10-28_00:40:52,23.0,4.0,0.0,58.225,2.325,766.86,2265.31,1.0
17-10-28_00:40:52,23.0,38000.0,0.0,73.3,2.8,766.86,2265.31,1.0
17-10-28_00:40:52,23.0,38000.0,0.0,73.3,2.8,766.86,2265.31,1.0
17-10-28_00:40:52,23.0,38000.0,0.0,73.3,2.8,766.86,2265.31,1.0
17-10-28_00:40:52,23.0,38000.0,0.0,73.3,2.8,766.86,2265.31,1.0
17-10-28_00:40:52,23.0,38000.0,0.0,73.3,2.325,766.86,2265.31,1.0
17-10-28_00:40:52,23.0,38000.0,0.0,73.3,2.325,766.86,2265.31,1.0
17-10-28_00:40:52,23.0,38000.0,0.0,73.3,2.325,766.86,2265.31,1.0
17-10-28_00:40:52,23.0,38000.0,0.0,73.3,2.325,766.86,2265.31,1.0
17-10-28_00:40:52,23.0,38000.0,0.0,58.225,2.8,766.86,2265.31,1.0
17-10-28_00:40:52,23.0,38000.0,0.0,58.225,2.8,766.86,2265.31,1.0
17-10-28_00:40:52,23.0,38000.0,0.0,58.225,2.8,766.86,2265.31,1.0
17-10-28_00:40:52,23.0,38000.0,0.0,58.225,2.8,766.86,2265.31,1.0
17-10-28_00:40:52,23.0,38000.0,0.0,58.225,2.325,766.86,2265.31,1.0
17-10-28_00:40:52,23.0,38000.0,0.0,58.225,2.325,766.86,2265.31,1.0
17-10-28_00:40:52,23.0,38000.0,0.0,58.225,2.325,766.86,2265.31,1.0
17-10-28_00:40:52,23.0,38000.0,0.0,58.225,2.325,766.86,2265.31,1.0
17-10-28_00:40:52,23.0,4000.0,0.0,73.3,2.8,766.86,2265.31,1.0
17-10-28_00:40:52,23.0,4000.0,0.0,73.3,2.8,766.86,2265.31,1.0
17-10-28_00:40:52,23.0,4000.0,0.0,73.3,2.8,766.86,2265.31,1.0
17-10-28_00:40:52,23.0,4000.0,0.0,73.3,2.8,766.86,2265.31,1.0
17-10-28_00:40:52,23.0,4000.0,0.0,73.3,2.325,766.86,2265.31,1.0
17-10-28_00:40:52,23.0,4000.0,0.0,73.3,2.325,766.86,2265.31,1.0
17-10-28_00:40:52,23.0,4000.0,0.0,73.3,2.325,766.86,2265.31,1.0
17-10-28_00:40:52,23.0,4000.0,0.0,73.3,2.325,766.86,2265.31,1.0
17-10-28_00:40:52,23.0,4000.0,0.0,58.225,2.8,766.86,2265.31,1.0
17-10-28_00:40:52,23.0,4000.0,0.0,58.225,2.8,766.86,2265.31,1.0
17-10-28_00:40:52,23.0,4000.0,0.0,58.225,2.8,766.86,2265.31,1.0
17-10-28_00:40:52,23.0,4000.0,0.0,58.225,2.8,766.86,2265.31,1.0
17-10-28_00:40:52,23.0,4000.0,0.0,58.225,2.325,766.86,2265.31,1.0
17-10-28_00:40:52,23.0,4000.0,0.0,58.225,2.325,766.86,2265.31,1.0
17-10-28_00:40:52,23.0,4000.0,0.0,58.225,2.325,766.86,2265.31,1.0
17-10-28_00:40:52,23.0,4000.0,0.0,58.225,2.325,766.86,2265.31,1.0
17-10-28_00:40:52,23.0,1355.9,0.0,73.3,2.8,766.86,2265.31,1.0
17-10-28_00:40:52,23.0,1355.9,0.0,73.3,2.8,766.86,2265.31,1.0
17-10-28_00:40:52,23.0,1355.9,0.0,73.3,2.8,766.86,2265.31,1.0
17-10-28_00:40:52,23.0,1355.9,0.0,73.3,2.8,766.86,2265.31,1.0
17-10-28_00:40:52,23.0,1355.9,0.0,73.3,2.325,766.86,2265.31,1.0
17-10-28_00:40:52,23.0,1355.9,0.0,73.3,2.325,766.86,2265.31,1.0
17-10-28_00:40:52,23.0,1355.9,0.0,73.3,2.325,766.86,2265.31,1.0
17-10-28_00:40:52,23.0,1355.9,0.0,73.3,2.325,766.86,2265.31,1.0
17-10-28_00:40:52,23.0,1355.9,0.0,58.225,2.8,766.86,2265.31,1.0
17-10-28_00:40:52,23.0,1355.9,0.0,58.225,2.8,766.86,2265.31,1.0
17-10-28_00:40:52,23.0,1355.9,0.0,58.225,2.8,766.86,2265.31,1.0
17-10-28_00:40:52,23.0,1355.9,0.0,58.225,2.8,766.86,2265.31,1.0
17-10-28_00:40:52,23.0,1355.9,0.0,58.225,2.325,766.86,2265.31,1.0
17-10-28_00:40:52,23.0,1355.9,0.0,58.225,2.325,766.86,2265.31,1.0
17-10-28_00:40:52,23.0,1355.9,0.0,58.225,2.325,766.86,2265.31,1.0
17-10-28_00:40:52,23.0,1355.9,0.0,58.225,2.325,766.86,2265.31,1.0
17-10-28_00:40:52,23.0,9500.0,0.0,73.3,2.8,766.86,2265.31,1.0
17-10-28_00:40:52,23.0,9500.0,0.0,73.3,2.8,766.86,2265.31,1.0
17-10-28_00:40:52,23.0,9500.0,0.0,73.3,2.8,766.86,2265.31,1.0
17-10-28_00:40:52,23.0,9500.0,0.0,73.3,2.8,766.86,2265.31,1.0
17-10-28_00:40:52,23.0,9500.0,0.0,73.3,2.325,766.86,2265.31,1.0
17-10-28_00:40:52,23.0,9500.0,0.0,73.3,2.325,766.86,2265.31,1.0
17-10-28_00:40:52,23.0,9500.0,0.0,73.3,2.325,766.86,2265.31,1.0
17-10-28_00:40:52,23.0,9500.0,0.0,73.3,2.325,766.86,2265.31,1.0
17-10-28_00:40:52,23.0,9500.0,0.0,58.225,2.8,766.86,2265.31,1.0
17-10-28_00:40:52,23.0,9500.0,0.0,58.225,2.8,766.86,2265.31,1.0
17-10-28_00:40:52,23.0,9500.0,0.0,58.225,2.8,766.86,2265.31,1.0
17-10-28_00:40:52,23.0,9500.0,0.0,58.225,2.8,766.86,2265.31,1.0
17-10-28_00:40:52,23.0,9500.0,0.0,58.225,2.325,766.86,2265.31,1.0
17-10-28_00:40:52,23.0,9500.0,0.0,58.225,2.325,766.86,2265.31,1.0
17-10-28_00:40:52,23.0,9500.0,0.0,58.225,2.325,766.86,2265.31,1.0
17-10-28_00:40:52,23.0,9500.0,0.0,58.225,2.325,766.86,2265.31,1.0
17-10-28_00:40:52,23.0,3000.0,0.0,73.3,2.8,766.86,2265.31,1.0
17-10-28_00:40:52,23.0,3000.0,0.0,73.3,2.8,766.86,2265.31,1.0
17-10-28_00:40:52,23.0,3000.0,0.0,73.3,2.8,766.86,2265.31,1.0
17-10-28_00:40:52,23.0,3000.0,0.0,73.3,2.8,766.86,2265.31,1.0
17-10-28_00:40:52,23.0,3000.0,0.0,73.3,2.325,766.86,2265.31,1.0
17-10-28_00:40:52,23.0,3000.0,0.0,73.3,2.325,766.86,2265.31,1.0
17-10-28_00:40:52,23.0,3000.0,0.0,73.3,2.325,766.86,2265.31,1.0
17-10-28_00:40:52,23.0,3000.0,0.0,73.3,2.325,766.86,2265.31,1.0
17-10-28_00:40:52,23.0,3000.0,0.0,58.225,2.8,766.86,2265.31,1.0
17-10-28_00:40:52,23.0,3000.0,0.0,58.225,2.8,766.86,2265.31,1.0
17-10-28_00:40:52,23.0,3000.0,0.0,58.225,2.8,766.86,2265.31,1.0
17-10-28_00:40:52,23.0,3000.0,0.0,58.225,2.8,766.86,2265.31,1.0
17-10-28_00:40:52,23.0,3000.0,0.0,58.225,2.325,766.86,2265.31,1.0
17-10-28_00:40:52,23.0,3000.0,0.0,58.225,2.325,766.86,2265.31,1.0
17-10-28_00:40:52,23.0,3000.0,0.0,58.225,2.325,766.86,2265.31,1.0
17-10-28_00:40:52,23.0,3000.0,0.0,58.225,2.325,766.86,2265.31,1.0
17-10-28_00:40:52,23.0,32900.0,0.0,73.3,2.8,766.86,2265.31,1.0
17-10-28_00:40:52,23.0,32900.0,0.0,73.3,2.8,766.86,2265.31,1.0
17-10-28_00:40:52,23.0,32900.0,0.0,73.3,2.8,766.86,2265.31,1.0
17-10-28_00:40:52,23.0,32900.0,0.0,73.3,2.8,766.86,2265.31,1.0
17-10-28_00:40:52,23.0,32900.0,0.0,73.3,2.325,766.86,2265.31,1.0
17-10-28_00:40:52,23.0,32900.0,0.0,73.3,2.325,766.86,2265.31,1.0
17-10-28_00:40:52,23.0,32900.0,0.0,73.3,2.325,766.86,2265.31,1.0
17-10-28_00:40:52,23.0,32900.0,0.0,73.3,2.325,766.86,2265.31,1.0
17-10-28_00:40:52,23.0,32900.0,0.0,58.225,2.8,766.86,2265.31,1.0
17-10-28_00:40:52,23.0,32900.0,0.0,58.225,2.8,766.86,2265.31,1.0
17-10-28_00:40:52,23.0,32900.0,0.0,58.225,2.8,766.86,2265.31,1.0
17-10-28_00:40:52,23.0,32900.0,0.0,58.225,2.8,766.86,2265.31,1.0
17-10-28_00:40:52,23.0,32900.0,0.0,58.225,2.325,766.86,2265.31,1.0
17-10-28_00:40:52,23.0,32900.0,0.0,58.225,2.325,766.86,2265.31,1.0
17-10-28_00:40:52,23.0,32900.0,0.0,58.225,2.325,766.86,2265.31,1.0
17-10-28_00:40:52,23.0,32900.0,0.0,58.225,2.325,766.86,2265.31,1.0
17-10-28_00:40:52,23.0,4000.0,0.0,73.3,2.8,766.86,2265.31,1.0
17-10-28_00:40:52,23.0,4000.0,0.0,73.3,2.8,766.86,2265.31,1.0
17-10-28_00:40:52,23.0,4000.0,0.0,73.3,2.8,766.86,2265.31,1.0
17-10-28_00:40:52,23.0,4000.0,0.0,73.3,2.8,766.86,2265.31,1.0
17-10-28_00:40:52,23.0,4000.0,0.0,73.3,2.325,766.86,2265.31,1.0
17-10-28_00:40:52,23.0,4000.0,0.0,73.3,2.325,766.86,2265.31,1.0
17-10-28_00:40:52,23.0,4000.0,0.0,73.3,2.325,766.86,2265.31,1.0
17-10-28_00:40:52,23.0,4000.0,0.0,73.3,2.325,766.86,2265.31,1.0
17-10-28_00:40:52,23.0,4000.0,0.0,58.225,2.8,766.86,2265.31,1.0
17-10-28_00:40:52,23.0,4000.0,0.0,58.225,2.8,766.86,2265.31,1.0
17-10-28_00:40:52,23.0,4000.0,0.0,58.225,2.8,766.86,2265.31,1.0
17-10-28_00:40:52,23.0,4000.0,0.0,58.225,2.8,766.86,2265.31,1.0
17-10-28_00:40:52,23.0,4000.0,0.0,58.225,2.325,766.86,2265.31,1.0
17-10-28_00:40:52,23.0,4000.0,0.0,58.225,2.325,766.86,2265.31,1.0
17-10-28_00:40:52,23.0,4000.0,0.0,58.225,2.325,766.86,2265.31,1.0
17-10-28_00:40:52,23.0,4000.0,0.0,58.225,2.325,766.86,2265.31,1.0
17-10-28_00:40:52,23.0,4000.0,0.0,73.3,2.8,766.86,2265.31,1.0
17-10-28_00:40:52,23.0,4000.0,0.0,73.3,2.8,766.86,2265.31,1.0
17-10-28_00:40:52,23.0,4000.0,0.0,73.3,2.8,766.86,2265.31,1.0
17-10-28_00:40:52,23.0,4000.0,0.0,73.3,2.8,766.86,2265.31,1.0
17-10-28_00:40:52,23.0,4000.0,0.0,73.3,2.325,766.86,2265.31,1.0
17-10-28_00:40:52,23.0,4000.0,0.0,73.3,2.325,766.86,2265.31,1.0
17-10-28_00:40:52,23.0,4000.0,0.0,73.3,2.325,766.86,2265.31,1.0
17-10-28_00:40:52,23.0,4000.0,0.0,73.3,2.325,766.86,2265.31,1.0
17-10-28_00:40:52,23.0,4000.0,0.0,58.225,2.8,766.86,2265.31,1.0
17-10-28_00:40:52,23.0,4000.0,0.0,58.225,2.8,766.86,2265.31,1.0
17-10-28_00:40:52,23.0,4000.0,0.0,58.225,2.8,766.86,2265.31,1.0
17-10-28_00:40:52,23.0,4000.0,0.0,58.225,2.8,766.86,2265.31,1.0
17-10-28_00:40:52,23.0,4000.0,0.0,58.225,2.325,766.86,2265.31,1.0
17-10-28_00:40:52,23.0,4000.0,0.0,58.225,2.325,766.86,2265.31,1.0
17-10-28_00:40:52,23.0,4000.0,0.0,58.225,2.325,766.86,2265.31,1.0
17-10-28_00:40:52,23.0,4000.0,0.0,58.225,2.325,766.86,2265.31,1.0
17-10-28_00:40:52,23.0,4000.0,0.0,73.3,2.8,766.86,2265.31,1.0
17-10-28_00:40:52,23.0,4000.0,0.0,73.3,2.8,766.86,2265.31,1.0
17-10-28_00:40:52,23.0,4000.0,0.0,73.3,2.8,766.86,2265.31,1.0
17-10-28_00:40:52,23.0,4000.0,0.0,73.3,2.8,766.86,2265.31,1.0
17-10-28_00:40:52,23.0,4000.0,0.0,73.3,2.325,766.86,2265.31,1.0
17-10-28_00:40:52,23.0,4000.0,0.0,73.3,2.325,766.86,2265.31,1.0
17-10-28_00:40:52,23.0,4000.0,0.0,73.3,2.325,766.86,2265.31,1.0
17-10-28_00:40:52,23.0,4000.0,0.0,73.3,2.325,766.86,2265.31,1.0
17-10-28_00:40:52,23.0,4000.0,0.0,58.225,2.8,766.86,2265.31,1.0
17-10-28_00:40:52,23.0,4000.0,0.0,58.225,2.8,766.86,2265.31,1.0
17-10-28_00:40:52,23.0,4000.0,0.0,58.225,2.8,766.86,2265.31,1.0
17-10-28_00:40:52,23.0,4000.0,0.0,58.225,2.8,766.86,2265.31,1.0
17-10-28_00:40:52,23.0,4000.0,0.0,58.225,2.325,766.86,2265.31,1.0
17-10-28_00:40:52,23.0,4000.0,0.0,58.225,2.325,766.86,2265.31,1.0
17-10-28_00:40:52,23.0,4000.0,0.0,58.225,2.325,766.86,2265.31,1.0
17-10-28_00:40:52,23.0,4000.0,0.0,58.225,2.325,766.86,2265.31,1.0
17-10-28_00:40:52,23.0,4000.0,0.0,73.3,2.8,766.86,2265.31,1.0
17-10-28_00:40:52,23.0,4000.0,0.0,73.3,2.8,766.86,2265.31,1.0
17-10-28_00:40:52,23.0,4000.0,0.0,73.3,2.8,766.86,2265.31,1.0
17-10-28_00:40:52,23.0,4000.0,0.0,73.3,2.8,766.86,2265.31,1.0
17-10-28_00:40:52,23.0,4000.0,0.0,73.3,2.325,766.86,2265.31,1.0
17-10-28_00:40:52,23.0,4000.0,0.0,73.3,2.325,766.86,2265.31,1.0
17-10-28_00:40:52,23.0,4000.0,0.0,73.3,2.325,766.86,2265.31,1.0
17-10-28_00:40:52,23.0,4000.0,0.0,73.3,2.325,766.86,2265.31,1.0
17-10-28_00:40:52,23.0,4000.0,0.0,58.225,2.8,766.86,2265.31,1.0
17-10-28_00:40:52,23.0,4000.0,0.0,58.225,2.8,766.86,2265.31,1.0
17-10-28_00:40:52,23.0,4000.0,0.0,58.225,2.8,766.86,2265.31,1.0
17-10-28_00:40:52,23.0,4000.0,0.0,58.225,2.8,766.86,2265.31,1.0
17-10-28_00:40:52,23.0,4000.0,0.0,58.225,2.325,766.86,2265.31,1.0
17-10-28_00:40:52,23.0,4000.0,0.0,58.225,2.325,766.86,2265.31,1.0
17-10-28_00:40:52,23.0,4000.0,0.0,58.225,2.325,766.86,2265.31,1.0
17-10-28_00:40:52,23.0,4000.0,0.0,58.225,2.325,766.86,2265.31,1.0
17-10-28_00:40:52,23.0,4000.0,0.0,73.3,2.8,766.86,2265.31,1.0
17-10-28_00:40:52,23.0,4000.0,0.0,73.3,2.8,766.86,2265.31,1.0
17-10-28_00:40:52,23.0,4000.0,0.0,73.3,2.8,766.86,2265.31,1.0
17-10-28_00:40:52,23.0,4000.0,0.0,73.3,2.8,766.86,2265.31,1.0
17-10-28_00:40:52,23.0,4000.0,0.0,73.3,2.325,766.86,2265.31,1.0
17-10-28_00:40:52,23.0,4000.0,0.0,73.3,2.325,766.86,2265.31,1.0
17-10-28_00:40:52,23.0,4000.0,0.0,73.3,2.325,766.86,2265.31,1.0
17-10-28_00:40:52,23.0,4000.0,0.0,73.3,2.325,766.86,2265.31,1.0
17-10-28_00:40:52,23.0,4000.0,0.0,58.225,2.8,766.86,2265.31,1.0
17-10-28_00:40:52,23.0,4000.0,0.0,58.225,2.8,766.86,2265.31,1.0
17-10-28_00:40:52,23.0,4000.0,0.0,58.225,2.8,766.86,2265.31,1.0
17-10-28_00:40:52,23.0,4000.0,0.0,58.225,2.8,766.86,2265.31,1.0
17-10-28_00:40:52,23.0,4000.0,0.0,58.225,2.325,766.86,2265.31,1.0
17-10-28_00:40:52,23.0,4000.0,0.0,58.225,2.325,766.86,2265.31,1.0
17-10-28_00:40:52,23.0,4000.0,0.0,58.225,2.325,766.86,2265.31,1.0
17-10-28_00:40:52,23.0,4000.0,0.0,58.225,2.325,766.86,2265.31,1.0
17-10-28_00:40:52,23.0,4000.0,0.0,73.3,2.8,766.86,2265.31,1.0
17-10-28_00:40:52,23.0,4000.0,0.0,73.3,2.8,766.86,2265.31,1.0
17-10-28_00:40:52,23.0,4000.0,0.0,73.3,2.8,766.86,2265.31,1.0
17-10-28_00:40:52,23.0,4000.0,0.0,73.3,2.8,766.86,2265.31,1.0
17-10-28_00:40:52,23.0,4000.0,0.0,73.3,2.325,766.86,2265.31,1.0
17-10-28_00:40:52,23.0,4000.0,0.0,73.3,2.325,766.86,2265.31,1.0
17-10-28_00:40:52,23.0,4000.0,0.0,73.3,2.325,766.86,2265.31,1.0
17-10-28_00:40:52,23.0,4000.0,0.0,73.3,2.325,766.86,2265.31,1.0
17-10-28_00:40:52,23.0,4000.0,0.0,58.225,2.8,766.86,2265.31,1.0
17-10-28_00:40:52,23.0,4000.0,0.0,58.225,2.8,766.86,2265.31,1.0
17-10-28_00:40:52,23.0,4000.0,0.0,58.225,2.8,766.86,2265.31,1.0
17-10-28_00:40:52,23.0,4000.0,0.0,58.225,2.8,766.86,2265.31,1.0
17-10-28_00:40:52,23.0,4000.0,0.0,58.225,2.325,766.86,2265.31,1.0
17-10-28_00:40:52,23.0,4000.0,0.0,58.225,2.325,766.86,2265.31,1.0
17-10-28_00:40:52,23.0,4000.0,0.0,58.225,2.325,766.86,2265.31,1.0
17-10-28_00:40:52,23.0,4000.0,0.0,58.225,2.325,766.86,2265.31,1.0
17-10-28_00:40:52,23.0,4000.0,0.0,73.3,2.8,766.86,2265.31,1.0
17-10-28_00:40:52,23.0,4000.0,0.0,73.3,2.8,766.86,2265.31,1.0
17-10-28_00:40:52,23.0,4000.0,0.0,73.3,2.8,766.86,2265.31,1.0
17-10-28_00:40:52,23.0,4000.0,0.0,73.3,2.8,766.86,2265.31,1.0
17-10-28_00:40:52,23.0,4000.0,0.0,73.3,2.325,766.86,2265.31,1.0
17-10-28_00:40:52,23.0,4000.0,0.0,73.3,2.325,766.86,2265.31,1.0
17-10-28_00:40:52,23.0,4000.0,0.0,73.3,2.325,766.86,2265.31,1.0
17-10-28_00:40:52,23.0,4000.0,0.0,73.3,2.325,766.86,2265.31,1.0
17-10-28_00:40:52,23.0,4000.0,0.0,58.225,2.8,766.86,2265.31,1.0
17-10-28_00:40:52,23.0,4000.0,0.0,58.225,2.8,766.86,2265.31,1.0
17-10-28_00:40:52,23.0,4000.0,0.0,58.225,2.8,766.86,2265.31,1.0
17-10-28_00:40:52,23.0,4000.0,0.0,58.225,2.8,766.86,2265.31,1.0
17-10-28_00:40:52,23.0,4000.0,0.0,58.225,2.325,766.86,2265.31,1.0
17-10-28_00:40:52,23.0,4000.0,0.0,58.225,2.325,766.86,2265.31,1.0
17-10-28_00:40:52,23.0,4000.0,0.0,58.225,2.325,766.86,2265.31,1.0
17-10-28_00:40:52,23.0,4000.0,0.0,58.225,2.325,766.86,2265.31,1.0
17-10-28_00:40:52,23.0,4000.0,0.0,73.3,2.8,766.86,2265.31,1.0
17-10-28_00:40:52,23.0,4000.0,0.0,73.3,2.8,766.86,2265.31,1.0
17-10-28_00:40:52,23.0,4000.0,0.0,73.3,2.8,766.86,2265.31,1.0
17-10-28_00:40:52,23.0,4000.0,0.0,73.3,2.8,766.86,2265.31,1.0
17-10-28_00:40:52,23.0,4000.0,0.0,73.3,2.325,766.86,2265.31,1.0
17-10-28_00:40:52,23.0,4000.0,0.0,73.3,2.325,766.86,2265.31,1.0
17-10-28_00:40:52,23.0,4000.0,0.0,73.3,2.325,766.86,2265.31,1.0
17-10-28_00:40:52,23.0,4000.0,0.0,73.3,2.325,766.86,2265.31,1.0
17-10-28_00:40:52,23.0,4000.0,0.0,58.225,2.8,766.86,2265.31,1.0
17-10-28_00:40:52,23.0,4000.0,0.0,58.225,2.8,766.86,2265.31,1.0
17-10-28_00:40:52,23.0,4000.0,0.0,58.225,2.8,766.86,2265.31,1.0
17-10-28_00:40:52,23.0,4000.0,0.0,58.225,2.8,766.86,2265.31,1.0
17-10-28_00:40:52,23.0,4000.0,0.0,58.225,2.325,766.86,2265.31,1.0
17-10-28_00:40:52,23.0,4000.0,0.0,58.225,2.325,766.86,2265.31,1.0
17-10-28_00:40:52,23.0,4000.0,0.0,58.225,2.325,766.86,2265.31,1.0
17-10-28_00:40:52,23.0,4000.0,0.0,58.225,2.325,766.86,2265.31,1.0
17-10-28_00:40:52,23.0,909.1,0.0,73.3,2.8,766.86,2265.31,1.0
17-10-28_00:40:52,23.0,909.1,0.0,73.3,2.8,766.86,2265.31,1.0
17-10-28_00:40:52,23.0,909.1,0.0,73.3,2.8,766.86,2265.31,1.0
17-10-28_00:40:52,23.0,909.1,0.0,73.3,2.8,766.86,2265.31,1.0
17-10-28_00:40:52,23.0,909.1,0.0,73.3,2.325,766.86,2265.31,1.0
17-10-28_00:40:52,23.0,909.1,0.0,73.3,2.325,766.86,2265.31,1.0
17-10-28_00:40:52,23.0,909.1,0.0,73.3,2.325,766.86,2265.31,1.0
17-10-28_00:40:52,23.0,909.1,0.0,73.3,2.325,766.86,2265.31,1.0
17-10-28_00:40:52,23.0,909.1,0.0,58.225,2.8,766.86,2265.31,1.0
17-10-28_00:40:52,23.0,909.1,0.0,58.225,2.8,766.86,2265.31,1.0
17-10-28_00:40:52,23.0,909.1,0.0,58.225,2.8,766.86,2265.31,1.0
17-10-28_00:40:52,23.0,909.1,0.0,58.225,2.8,766.86,2265.31,1.0
17-10-28_00:40:52,23.0,909.1,0.0,58.225,2.325,766.86,2265.31,1.0
17-10-28_00:40:52,23.0,909.1,0.0,58.225,2.325,766.86,2265.31,1.0
17-10-28_00:40:52,23.0,909.1,0.0,58.225,2.325,766.86,2265.31,1.0
17-10-28_00:40:52,23.0,909.1,0.0,58.225,2.325,766.86,2265.31,1.0
17-10-28_00:40:52,23.0,32900.0,0.0,73.3,2.8,766.86,2265.31,1.0
17-10-28_00:40:52,23.0,32900.0,0.0,73.3,2.8,766.86,2265.31,1.0
17-10-28_00:40:52,23.0,32900.0,0.0,73.3,2.8,766.86,2265.31,1.0
17-10-28_00:40:52,23.0,32900.0,0.0,73.3,2.8,766.86,2265.31,1.0
17-10-28_00:40:52,23.0,32900.0,0.0,73.3,2.325,766.86,2265.31,1.0
17-10-28_00:40:52,23.0,32900.0,0.0,73.3,2.325,766.86,2265.31,1.0
17-10-28_00:40:52,23.0,32900.0,0.0,73.3,2.325,766.86,2265.31,1.0
17-10-28_00:40:52,23.0,32900.0,0.0,73.3,2.325,766.86,2265.31,1.0
17-10-28_00:40:52,23.0,32900.0,0.0,58.225,2.8,766.86,2265.31,1.0
17-10-28_00:40:52,23.0,32900.0,0.0,58.225,2.8,766.86,2265.31,1.0
17-10-28_00:40:52,23.0,32900.0,0.0,58.225,2.8,766.86,2265.31,1.0
17-10-28_00:40:52,23.0,32900.0,0.0,58.225,2.8,766.86,2265.31,1.0
17-10-28_00:40:52,23.0,32900.0,0.0,58.225,2.325,766.86,2265.31,1.0
17-10-28_00:40:52,23.0,32900.0,0.0,58.225,2.325,766.86,2265.31,1.0
17-10-28_00:40:52,23.0,32900.0,0.0,58.225,2.325,766.86,2265.31,1.0
17-10-28_00:40:52,23.0,32900.0,0.0,58.225,2.325,766.86,2265.31,1.0
17-10-28_00:40:52,23.0,164.4,0.0,73.3,2.8,766.86,2265.31,1.0
17-10-28_00:40:52,23.0,164.4,0.0,73.3,2.8,766.86,2265.31,1.0
17-10-28_00:40:52,23.0,164.4,0.0,73.3,2.8,766.86,2265.31,1.0
17-10-28_00:40:52,23.0,164.4,0.0,73.3,2.8,766.86,2265.31,1.0
17-10-28_00:40:52,23.0,164.4,0.0,73.3,2.325,766.86,2265.31,1.0
17-10-28_00:40:52,23.0,164.4,0.0,73.3,2.325,766.86,2265.31,1.0
17-10-28_00:40:52,23.0,164.4,0.0,73.3,2.325,766.86,2265.31,1.0
17-10-28_00:40:52,23.0,164.4,0.0,73.3,2.325,766.86,2265.31,1.0
17-10-28_00:40:52,23.0,164.4,0.0,58.225,2.8,766.86,2265.31,1.0
17-10-28_00:40:52,23.0,164.4,0.0,58.225,2.8,766.86,2265.31,1.0
17-10-28_00:40:52,23.0,164.4,0.0,58.225,2.8,766.86,2265.31,1.0
17-10-28_00:40:52,23.0,164.4,0.0,58.225,2.8,766.86,2265.31,1.0
17-10-28_00:40:52,23.0,164.4,0.0,58.225,2.325,766.86,2265.31,1.0
17-10-28_00:40:52,23.0,164.4,0.0,58.225,2.325,766.86,2265.31,1.0
17-10-28_00:40:52,23.0,164.4,0.0,58.225,2.325,766.86,2265.31,1.0
17-10-28_00:40:52,23.0,164.4,0.0,58.225,2.325,766.86,2265.31,1.0
17-10-28_00:40:52,23.0,6.0,0.0,73.3,2.8,766.86,2265.31,1.0
17-10-28_00:40:52,23.0,6.0,0.0,73.3,2.8,766.86,2265.31,1.0
17-10-28_00:40:52,23.0,6.0,0.0,73.3,2.8,766.86,2265.31,1.0
17-10-28_00:40:52,23.0,6.0,0.0,73.3,2.8,766.86,2265.31,1.0
17-10-28_00:40:52,23.0,6.0,0.0,73.3,2.325,766.86,2265.31,1.0
17-10-28_00:40:52,23.0,6.0,0.0,73.3,2.325,766.86,2265.31,1.0
17-10-28_00:40:52,23.0,6.0,0.0,73.3,2.325,766.86,2265.31,1.0
17-10-28_00:40:52,23.0,6.0,0.0,73.3,2.325,766.86,2265.31,1.0
17-10-28_00:40:52,23.0,6.0,0.0,58.225,2.8,766.86,2265.31,1.0
17-10-28_00:40:52,23.0,6.0,0.0,58.225,2.8,766.86,2265.31,1.0
17-10-28_00:40:52,23.0,6.0,0.0,58.225,2.8,766.86,2265.31,1.0
17-10-28_00:40:52,23.0,6.0,0.0,58.225,2.8,766.86,2265.31,1.0
17-10-28_00:40:52,23.0,6.0,0.0,58.225,2.325,766.86,2265.31,1.0
17-10-28_00:40:52,23.0,6.0,0.0,58.225,2.325,766.86,2265.31,1.0
17-10-28_00:40:52,23.0,6.0,0.0,58.225,2.325,766.86,2265.31,1.0
17-10-28_00:40:52,23.0,6.0,0.0,58.225,2.325,766.86,2265.31,1.0
17-10-28_00:40:52,23.0,3.3,0.0,73.3,2.8,766.86,2265.31,1.0
17-10-28_00:40:52,23.0,3.3,0.0,73.3,2.8,766.86,2265.31,1.0
17-10-28_00:40:52,23.0,3.3,0.0,73.3,2.8,766.86,2265.31,1.0
17-10-28_00:40:52,23.0,3.3,0.0,73.3,2.8,766.86,2265.31,1.0
17-10-28_00:40:52,23.0,3.3,0.0,73.3,2.325,766.86,2265.31,1.0
17-10-28_00:40:52,23.0,3.3,0.0,73.3,2.325,766.86,2265.31,1.0
17-10-28_00:40:52,23.0,3.3,0.0,73.3,2.325,766.86,2265.31,1.0
17-10-28_00:40:52,23.0,3.3,0.0,73.3,2.325,766.86,2265.31,1.0
17-10-28_00:40:52,23.0,3.3,0.0,58.225,2.8,766.86,2265.31,1.0
17-10-28_00:40:52,23.0,3.3,0.0,58.225,2.8,766.86,2265.31,1.0
17-10-28_00:40:52,23.0,3.3,0.0,58.225,2.8,766.86,2265.31,1.0
17-10-28_00:40:52,23.0,3.3,0.0,58.225,2.8,766.86,2265.31,1.0
17-10-28_00:40:52,23.0,3.3,0.0,58.225,2.325,766.86,2265.31,1.0
17-10-28_00:40:52,23.0,3.3,0.0,58.225,2.325,766.86,2265.31,1.0
17-10-28_00:40:52,23.0,3.3,0.0,58.225,2.325,766.86,2265.31,1.0
17-10-28_00:40:52,23.0,3.3,0.0,58.225,2.325,766.86,2265.31,1.0
17-10-28_00:40:56,23.0,6.3,0.0,73.3,2.8,766.86,2265.31,1.0
17-10-28_00:40:56,23.0,6.3,0.0,73.3,2.8,766.86,2265.31,1.0
17-10-28_00:40:56,23.0,6.3,0.0,73.3,2.8,766.86,2265.31,1.0
17-10-28_00:40:56,23.0,6.3,0.0,73.3,2.8,766.86,2265.31,1.0
17-10-28_00:40:56,23.0,6.3,0.0,73.3,2.8,766.86,2265.31,1.0
17-10-28_00:40:56,23.0,6.3,0.0,73.3,2.8,766.86,2265.31,1.0
17-10-28_00:40:56,23.0,6.3,0.0,73.3,2.8,766.86,2265.31,1.0
17-10-28_00:40:56,23.0,6.3,0.0,73.3,2.8,766.86,2265.31,1.0
17-10-28_00:40:56,23.0,6.3,0.0,73.3,2.8,766.86,2265.31,1.0
17-10-28_00:40:56,23.0,6.3,0.0,73.3,2.8,766.86,2265.31,1.0
17-10-28_00:40:56,23.0,6.3,0.0,73.3,2.8,766.86,2265.31,1.0
17-10-28_00:40:56,23.0,6.3,0.0,73.3,2.8,766.86,2265.31,1.0
17-10-28_00:40:56,23.0,6.3,0.0,73.3,2.8,766.86,2265.31,1.0
17-10-28_00:40:56,23.0,6.3,0.0,73.3,2.8,766.86,2265.31,1.0
17-10-28_00:40:56,23.0,6.3,0.0,73.3,2.8,766.86,2265.31,1.0
17-10-28_00:40:56,23.0,6.3,0.0,73.3,2.8,766.86,2265.31,1.0
17-10-28_00:40:56,23.0,3.4,0.0,73.3,2.8,766.86,2265.31,1.0
17-10-28_00:40:56,23.0,3.4,0.0,73.3,2.8,766.86,2265.31,1.0
17-10-28_00:40:56,23.0,3.4,0.0,73.3,2.8,766.86,2265.31,1.0
17-10-28_00:40:56,23.0,3.4,0.0,73.3,2.8,766.86,2265.31,1.0
17-10-28_00:40:56,23.0,3.4,0.0,73.3,2.8,766.86,2265.31,1.0
17-10-28_00:40:56,23.0,3.4,0.0,73.3,2.8,766.86,2265.31,1.0
17-10-28_00:40:56,23.0,3.4,0.0,73.3,2.8,766.86,2265.31,1.0
17-10-28_00:40:56,23.0,3.4,0.0,73.3,2.8,766.86,2265.31,1.0
17-10-28_00:40:56,23.0,3.4,0.0,73.3,2.8,766.86,2265.31,1.0
17-10-28_00:40:56,23.0,3.4,0.0,73.3,2.8,766.86,2265.31,1.0
17-10-28_00:40:56,23.0,3.4,0.0,73.3,2.8,766.86,2265.31,1.0
17-10-28_00:40:56,23.0,3.4,0.0,73.3,2.8,766.86,2265.31,1.0
17-10-28_00:40:56,23.0,3.4,0.0,73.3,2.8,766.86,2265.31,1.0
17-10-28_00:40:56,23.0,3.4,0.0,73.3,2.8,766.86,2265.31,1.0
17-10-28_00:40:56,23.0,3.4,0.0,73.3,2.8,766.86,2265.31,1.0
17-10-28_00:40:56,23.0,3.4,0.0,73.3,2.8,766.86,2265.31,1.0
17-10-28_00:40:56,23.0,0.0,23.1,73.3,2.8,766.86,2265.31,1.0
17-10-28_00:40:56,23.0,0.0,23.1,73.3,2.8,766.86,2265.31,1.0
17-10-28_00:40:56,23.0,0.0,23.1,73.3,2.8,766.86,2265.31,1.0
17-10-28_00:40:56,23.0,0.0,23.1,73.3,2.8,766.86,2265.31,1.0
17-10-28_00:40:56,23.0,0.0,23.1,73.3,2.8,766.86,2265.31,1.0
17-10-28_00:40:56,23.0,0.0,23.1,73.3,2.8,766.86,2265.31,1.0
17-10-28_00:40:56,23.0,0.0,23.1,73.3,2.8,766.86,2265.31,1.0
17-10-28_00:40:56,23.0,0.0,23.1,73.3,2.8,766.86,2265.31,1.0
17-10-28_00:40:56,23.0,0.0,23.1,73.3,2.8,766.86,2265.31,1.0
17-10-28_00:40:56,23.0,0.0,23.1,73.3,2.8,766.86,2265.31,1.0
17-10-28_00:40:56,23.0,0.0,23.1,73.3,2.8,766.86,2265.31,1.0
17-10-28_00:40:56,23.0,0.0,23.1,73.3,2.8,766.86,2265.31,1.0
17-10-28_00:40:56,23.0,0.0,23.1,73.3,2.8,766.86,2265.31,1.0
17-10-28_00:40:56,23.0,0.0,23.1,73.3,2.8,766.86,2265.31,1.0
17-10-28_00:40:56,23.0,0.0,23.1,73.3,2.8,766.86,2265.31,1.0
17-10-28_00:40:56,23.0,0.0,23.1,73.3,2.8,766.86,2265.31,1.0
17-10-28_00:40:56,23.0,0.0,2.8,73.3,2.8,766.86,2265.31,1.0
17-10-28_00:40:56,23.0,0.0,2.8,73.3,2.8,766.86,2265.31,1.0
17-10-28_00:40:56,23.0,0.0,2.8,73.3,2.8,766.86,2265.31,1.0
17-10-28_00:40:56,23.0,0.0,2.8,73.3,2.8,766.86,2265.31,1.0
17-10-28_00:40:56,23.0,0.0,2.8,73.3,2.8,766.86,2265.31,1.0
17-10-28_00:40:56,23.0,0.0,2.8,73.3,2.8,766.86,2265.31,1.0
17-10-28_00:40:56,23.0,0.0,2.8,73.3,2.8,766.86,2265.31,1.0
17-10-28_00:40:56,23.0,0.0,2.8,73.3,2.8,766.86,2265.31,1.0
17-10-28_00:40:56,23.0,0.0,2.8,73.3,2.8,766.86,2265.31,1.0
17-10-28_00:40:56,23.0,0.0,2.8,73.3,2.8,766.86,2265.31,1.0
17-10-28_00:40:56,23.0,0.0,2.8,73.3,2.8,766.86,2265.31,1.0
17-10-28_00:40:56,23.0,0.0,2.8,73.3,2.8,766.86,2265.31,1.0
17-10-28_00:40:56,23.0,0.0,2.8,73.3,2.8,766.86,2265.31,1.0
17-10-28_00:40:56,23.0,0.0,2.8,73.3,2.8,766.86,2265.31,1.0
17-10-28_00:40:56,23.0,0.0,2.8,73.3,2.8,766.86,2265.31,1.0
17-10-28_00:40:56,23.0,0.0,2.8,73.3,2.8,766.86,2265.31,1.0
17-10-28_00:40:56,23.0,0.0,2.8,73.3,2.8,766.86,2265.31,1.0
17-10-28_00:40:56,23.0,0.0,2.8,73.3,2.8,766.86,2265.31,1.0
17-10-28_00:40:56,23.0,0.0,2.8,73.3,2.8,766.86,2265.31,1.0
17-10-28_00:40:56,23.0,0.0,2.8,73.3,2.8,766.86,2265.31,1.0
17-10-28_00:40:56,23.0,0.0,2.8,73.3,2.8,766.86,2265.31,1.0
17-10-28_00:40:56,23.0,0.0,2.8,73.3,2.8,766.86,2265.31,1.0
17-10-28_00:40:56,23.0,0.0,2.8,73.3,2.8,766.86,2265.31,1.0
17-10-28_00:40:56,23.0,0.0,2.8,73.3,2.8,766.86,2265.31,1.0
17-10-28_00:40:56,23.0,0.0,2.8,73.3,2.8,766.86,2265.31,1.0
17-10-28_00:40:56,23.0,0.0,2.8,73.3,2.8,766.86,2265.31,1.0
17-10-28_00:40:56,23.0,0.0,2.8,73.3,2.8,766.86,2265.31,1.0
17-10-28_00:40:56,23.0,0.0,2.8,73.3,2.8,766.86,2265.31,1.0
17-10-28_00:40:56,23.0,0.0,2.8,73.3,2.8,766.86,2265.31,1.0
17-10-28_00:40:56,23.0,0.0,2.8,73.3,2.8,766.86,2265.31,1.0
17-10-28_00:40:56,23.0,0.0,2.8,73.3,2.8,766.86,2265.31,1.0
17-10-28_00:40:56,23.0,0.0,2.8,73.3,2.8,766.86,2265.31,1.0
17-10-28_00:40:56,23.0,0.0,2.8,73.3,2.8,766.86,2265.31,1.0
17-10-28_00:40:56,23.0,0.0,2.8,73.3,2.8,766.86,2265.31,1.0
17-10-28_00:40:56,23.0,0.0,2.8,73.3,2.8,766.86,2265.31,1.0
17-10-28_00:40:56,23.0,0.0,2.8,73.3,2.8,766.86,2265.31,1.0
17-10-28_00:40:56,23.0,0.0,2.8,73.3,2.8,766.86,2265.31,1.0
17-10-28_00:40:56,23.0,0.0,2.8,73.3,2.8,766.86,2265.31,1.0
17-10-28_00:40:56,23.0,0.0,2.8,73.3,2.8,766.86,2265.31,1.0
17-10-28_00:40:56,23.0,0.0,2.8,73.3,2.8,766.86,2265.31,1.0
17-10-28_00:40:56,23.0,0.0,2.8,73.3,2.8,766.86,2265.31,1.0
17-10-28_00:40:56,23.0,0.0,2.8,73.3,2.8,766.86,2265.31,1.0
17-10-28_00:40:56,23.0,0.0,2.8,73.3,2.8,766.86,2265.31,1.0
17-10-28_00:40:56,23.0,0.0,2.8,73.3,2.8,766.86,2265.31,1.0
17-10-28_00:40:56,23.0,0.0,2.8,73.3,2.8,766.86,2265.31,1.0
17-10-28_00:40:56,23.0,0.0,2.8,73.3,2.8,766.86,2265.31,1.0
17-10-28_00:40:56,23.0,0.0,2.8,73.3,2.8,766.86,2265.31,1.0
17-10-28_00:40:56,23.0,0.0,2.8,73.3,2.8,766.86,2265.31,1.0
17-10-28_00:40:56,23.0,0.0,23.1,73.3,2.8,766.86,2265.31,1.0
17-10-28_00:40:56,23.0,0.0,23.1,73.3,2.8,766.86,2265.31,1.0
17-10-28_00:40:56,23.0,0.0,23.1,73.3,2.8,766.86,2265.31,1.0
17-10-28_00:40:56,23.0,0.0,23.1,73.3,2.8,766.86,2265.31,1.0
17-10-28_00:40:56,23.0,0.0,23.1,73.3,2.8,766.86,2265.31,1.0
17-10-28_00:40:56,23.0,0.0,23.1,73.3,2.8,766.86,2265.31,1.0
17-10-28_00:40:56,23.0,0.0,23.1,73.3,2.8,766.86,2265.31,1.0
17-10-28_00:40:56,23.0,0.0,23.1,73.3,2.8,766.86,2265.31,1.0
17-10-28_00:40:56,23.0,0.0,23.1,73.3,2.8,766.86,2265.31,1.0
17-10-28_00:40:56,23.0,0.0,23.1,73.3,2.8,766.86,2265.31,1.0
17-10-28_00:40:56,23.0,0.0,23.1,73.3,2.8,766.86,2265.31,1.0
17-10-28_00:40:56,23.0,0.0,23.1,73.3,2.8,766.86,2265.31,1.0
17-10-28_00:40:56,23.0,0.0,23.1,73.3,2.8,766.86,2265.31,1.0
17-10-28_00:40:56,23.0,0.0,23.1,73.3,2.8,766.86,2265.31,1.0
17-10-28_00:40:56,23.0,0.0,23.1,73.3,2.8,766.86,2265.31,1.0
17-10-28_00:40:56,23.0,0.0,23.1,73.3,2.8,766.86,2265.31,1.0
17-10-28_00:40:56,23.0,0.0,23.1,73.3,2.8,766.86,2265.31,1.0
17-10-28_00:40:56,23.0,0.0,23.1,73.3,2.8,766.86,2265.31,1.0
17-10-28_00:40:56,23.0,0.0,23.1,73.3,2.8,766.86,2265.31,1.0
17-10-28_00:40:56,23.0,0.0,23.1,73.3,2.8,766.86,2265.31,1.0
17-10-28_00:40:56,23.0,0.0,23.1,73.3,2.8,766.86,2265.31,1.0
17-10-28_00:40:56,23.0,0.0,23.1,73.3,2.8,766.86,2265.31,1.0
17-10-28_00:40:56,23.0,0.0,23.1,73.3,2.8,766.86,2265.31,1.0
17-10-28_00:40:56,23.0,0.0,23.1,73.3,2.8,766.86,2265.31,1.0
17-10-28_00:40:56,23.0,0.0,23.1,73.3,2.8,766.86,2265.31,1.0
17-10-28_00:40:56,23.0,0.0,23.1,73.3,2.8,766.86,2265.31,1.0
17-10-28_00:40:56,23.0,0.0,23.1,73.3,2.8,766.86,2265.31,1.0
17-10-28_00:40:56,23.0,0.0,23.1,73.3,2.8,766.86,2265.31,1.0
17-10-28_00:40:56,23.0,0.0,23.1,73.3,2.8,766.86,2265.31,1.0
17-10-28_00:40:56,23.0,0.0,23.1,73.3,2.8,766.86,2265.31,1.0
17-10-28_00:40:56,23.0,0.0,23.1,73.3,2.8,766.86,2265.31,1.0
17-10-28_00:40:56,23.0,0.0,23.1,73.3,2.8,766.86,2265.31,1.0
17-10-28_00:40:56,23.0,0.0,2.6,73.3,2.8,766.86,2265.31,1.0
17-10-28_00:40:56,23.0,0.0,2.6,73.3,2.8,766.86,2265.31,1.0
17-10-28_00:40:56,23.0,0.0,2.6,73.3,2.8,766.86,2265.31,1.0
17-10-28_00:40:56,23.0,0.0,2.6,73.3,2.8,766.86,2265.31,1.0
17-10-28_00:40:56,23.0,0.0,2.6,73.3,2.8,766.86,2265.31,1.0
17-10-28_00:40:56,23.0,0.0,2.6,73.3,2.8,766.86,2265.31,1.0
17-10-28_00:40:56,23.0,0.0,2.6,73.3,2.8,766.86,2265.31,1.0
17-10-28_00:40:56,23.0,0.0,2.6,73.3,2.8,766.86,2265.31,1.0
17-10-28_00:40:56,23.0,0.0,2.6,73.3,2.8,766.86,2265.31,1.0
17-10-28_00:40:56,23.0,0.0,2.6,73.3,2.8,766.86,2265.31,1.0
17-10-28_00:40:56,23.0,0.0,2.6,73.3,2.8,766.86,2265.31,1.0
17-10-28_00:40:56,23.0,0.0,2.6,73.3,2.8,766.86,2265.31,1.0
17-10-28_00:40:56,23.0,0.0,2.6,73.3,2.8,766.86,2265.31,1.0
17-10-28_00:40:56,23.0,0.0,2.6,73.3,2.8,766.86,2265.31,1.0
17-10-28_00:40:56,23.0,0.0,2.6,73.3,2.8,766.86,2265.31,1.0
17-10-28_00:40:56,23.0,0.0,2.6,73.3,2.8,766.86,2265.31,1.0
17-10-28_00:40:56,23.0,0.0,2.6,73.3,2.8,766.86,2265.31,1.0
17-10-28_00:40:56,23.0,0.0,2.6,73.3,2.8,766.86,2265.31,1.0
17-10-28_00:40:56,23.0,0.0,2.6,73.3,2.8,766.86,2265.31,1.0
17-10-28_00:40:56,23.0,0.0,2.6,73.3,2.8,766.86,2265.31,1.0
17-10-28_00:40:56,23.0,0.0,2.6,73.3,2.8,766.86,2265.31,1.0
17-10-28_00:40:56,23.0,0.0,2.6,73.3,2.8,766.86,2265.31,1.0
17-10-28_00:40:56,23.0,0.0,2.6,73.3,2.8,766.86,2265.31,1.0
17-10-28_00:40:56,23.0,0.0,2.6,73.3,2.8,766.86,2265.31,1.0
17-10-28_00:40:56,23.0,0.0,2.6,73.3,2.8,766.86,2265.31,1.0
17-10-28_00:40:56,23.0,0.0,2.6,73.3,2.8,766.86,2265.31,1.0
17-10-28_00:40:56,23.0,0.0,2.6,73.3,2.8,766.86,2265.31,1.0
17-10-28_00:40:56,23.0,0.0,2.6,73.3,2.8,766.86,2265.31,1.0
17-10-28_00:40:56,23.0,0.0,2.6,73.3,2.8,766.86,2265.31,1.0
17-10-28_00:40:56,23.0,0.0,2.6,73.3,2.8,766.86,2265.31,1.0
17-10-28_00:40:56,23.0,0.0,2.6,73.3,2.8,766.86,2265.31,1.0
17-10-28_00:40:56,23.0,0.0,2.6,73.3,2.8,766.86,2265.31,1.0
17-10-28_00:40:56,23.0,0.0,2.6,73.3,2.8,766.86,2265.31,1.0
17-10-28_00:40:56,23.0,0.0,2.6,73.3,2.8,766.86,2265.31,1.0
17-10-28_00:40:56,23.0,0.0,2.6,73.3,2.8,766.86,2265.31,1.0
17-10-28_00:40:56,23.0,0.0,2.6,73.3,2.8,766.86,2265.31,1.0
17-10-28_00:40:56,23.0,0.0,2.6,73.3,2.8,766.86,2265.31,1.0
17-10-28_00:40:56,23.0,0.0,2.6,73.3,2.8,766.86,2265.31,1.0
17-10-28_00:40:56,23.0,0.0,2.6,73.3,2.8,766.86,2265.31,1.0
17-10-28_00:40:56,23.0,0.0,2.6,73.3,2.8,766.86,2265.31,1.0
17-10-28_00:40:56,23.0,0.0,2.6,73.3,2.8,766.86,2265.31,1.0
17-10-28_00:40:56,23.0,0.0,2.6,73.3,2.8,766.86,2265.31,1.0
17-10-28_00:40:56,23.0,0.0,2.6,73.3,2.8,766.86,2265.31,1.0
17-10-28_00:40:56,23.0,0.0,2.6,73.3,2.8,766.86,2265.31,1.0
17-10-28_00:40:56,23.0,0.0,2.6,73.3,2.8,766.86,2265.31,1.0
17-10-28_00:40:56,23.0,0.0,2.6,73.3,2.8,766.86,2265.31,1.0
17-10-28_00:40:56,23.0,0.0,2.6,73.3,2.8,766.86,2265.31,1.0
17-10-28_00:40:56,23.0,0.0,2.6,73.3,2.8,766.86,2265.31,1.0
17-10-28_00:40:56,23.0,0.0,4200.0,73.3,2.8,766.86,2265.31,1.0
17-10-28_00:40:56,23.0,0.0,4200.0,73.3,2.8,766.86,2265.31,1.0
17-10-28_00:40:56,23.0,0.0,4200.0,73.3,2.8,766.86,2265.31,1.0
17-10-28_00:40:56,23.0,0.0,4200.0,73.3,2.8,766.86,2265.31,1.0
17-10-28_00:40:56,23.0,0.0,4200.0,73.3,2.8,766.86,2265.31,1.0
17-10-28_00:40:56,23.0,0.0,4200.0,73.3,2.8,766.86,2265.31,1.0
17-10-28_00:40:56,23.0,0.0,4200.0,73.3,2.8,766.86,2265.31,1.0
17-10-28_00:40:56,23.0,0.0,4200.0,73.3,2.8,766.86,2265.31,1.0
17-10-28_00:40:56,23.0,0.0,4200.0,73.3,2.8,766.86,2265.31,1.0
17-10-28_00:40:56,23.0,0.0,4200.0,73.3,2.8,766.86,2265.31,1.0
17-10-28_00:40:56,23.0,0.0,4200.0,73.3,2.8,766.86,2265.31,1.0
17-10-28_00:40:56,23.0,0.0,4200.0,73.3,2.8,766.86,2265.31,1.0
17-10-28_00:40:56,23.0,0.0,4200.0,73.3,2.8,766.86,2265.31,1.0
17-10-28_00:40:56,23.0,0.0,4200.0,73.3,2.8,766.86,2265.31,1.0
17-10-28_00:40:56,23.0,0.0,4200.0,73.3,2.8,766.86,2265.31,1.0
17-10-28_00:40:56,23.0,0.0,4200.0,73.3,2.8,766.86,2265.31,1.0
17-10-28_00:40:56,23.0,0.0,4200.0,73.3,2.8,766.86,2265.31,1.0
17-10-28_00:40:56,23.0,0.0,4200.0,73.3,2.8,766.86,2265.31,1.0
17-10-28_00:40:56,23.0,0.0,4200.0,73.3,2.8,766.86,2265.31,1.0
17-10-28_00:40:56,23.0,0.0,4200.0,73.3,2.8,766.86,2265.31,1.0
17-10-28_00:40:56,23.0,0.0,4200.0,73.3,2.8,766.86,2265.31,1.0
17-10-28_00:40:56,23.0,0.0,4200.0,73.3,2.8,766.86,2265.31,1.0
17-10-28_00:40:56,23.0,0.0,4200.0,73.3,2.8,766.86,2265.31,1.0
17-10-28_00:40:56,23.0,0.0,4200.0,73.3,2.8,766.86,2265.31,1.0
17-10-28_00:40:56,23.0,0.0,4200.0,73.3,2.8,766.86,2265.31,1.0
17-10-28_00:40:56,23.0,0.0,4200.0,73.3,2.8,766.86,2265.31,1.0
17-10-28_00:40:56,23.0,0.0,4200.0,73.3,2.8,766.86,2265.31,1.0
17-10-28_00:40:56,23.0,0.0,4200.0,73.3,2.8,766.86,2265.31,1.0
17-10-28_00:40:56,23.0,0.0,4200.0,73.3,2.8,766.86,2265.31,1.0
17-10-28_00:40:56,23.0,0.0,4200.0,73.3,2.8,766.86,2265.31,1.0
17-10-28_00:40:56,23.0,0.0,4200.0,73.3,2.8,766.86,2265.31,1.0
17-10-28_00:40:56,23.0,0.0,4200.0,73.3,2.8,766.86,2265.31,1.0
17-10-28_00:40:56,23.0,0.0,4200.0,73.3,2.8,766.86,2265.31,1.0
17-10-28_00:40:56,23.0,0.0,4200.0,73.3,2.8,766.86,2265.31,1.0
17-10-28_00:40:56,23.0,0.0,4200.0,73.3,2.8,766.86,2265.31,1.0
17-10-28_00:40:56,23.0,0.0,4200.0,73.3,2.8,766.86,2265.31,1.0
17-10-28_00:40:56,23.0,0.0,4200.0,73.3,2.8,766.86,2265.31,1.0
17-10-28_00:40:56,23.0,0.0,4200.0,73.3,2.8,766.86,2265.31,1.0
17-10-28_00:40:56,23.0,0.0,4200.0,73.3,2.8,766.86,2265.31,1.0
17-10-28_00:40:56,23.0,0.0,4200.0,73.3,2.8,766.86,2265.31,1.0
17-10-28_00:40:56,23.0,0.0,4200.0,73.3,2.8,766.86,2265.31,1.0
17-10-28_00:40:56,23.0,0.0,4200.0,73.3,2.8,766.86,2265.31,1.0
17-10-28_00:40:56,23.0,0.0,4200.0,73.3,2.8,766.86,2265.31,1.0
17-10-28_00:40:56,23.0,0.0,4200.0,73.3,2.8,766.86,2265.31,1.0
17-10-28_00:40:56,23.0,0.0,4200.0,73.3,2.8,766.86,2265.31,1.0
17-10-28_00:40:56,23.0,0.0,4200.0,73.3,2.8,766.86,2265.31,1.0
17-10-28_00:40:56,23.0,0.0,4200.0,73.3,2.8,766.86,2265.31,1.0
17-10-28_00:40:56,23.0,0.0,4200.0,73.3,2.8,766.86,2265.31,1.0
17-10-28_00:40:56,23.0,0.0,4200.0,73.3,2.8,766.86,2265.31,1.0
17-10-28_00:40:56,23.0,0.0,4200.0,73.3,2.8,766.86,2265.31,1.0
17-10-28_00:40:56,23.0,0.0,4200.0,73.3,2.8,766.86,2265.31,1.0
17-10-28_00:40:56,23.0,0.0,4200.0,73.3,2.8,766.86,2265.31,1.0
17-10-28_00:40:56,23.0,0.0,4200.0,73.3,2.8,766.86,2265.31,1.0
17-10-28_00:40:56,23.0,0.0,4200.0,73.3,2.8,766.86,2265.31,1.0
17-10-28_00:40:56,23.0,0.0,4200.0,73.3,2.8,766.86,2265.31,1.0
17-10-28_00:40:56,23.0,0.0,4200.0,73.3,2.8,766.86,2265.31,1.0
17-10-28_00:40:56,23.0,0.0,4200.0,73.3,2.8,766.86,2265.31,1.0
17-10-28_00:40:56,23.0,0.0,4200.0,73.3,2.8,766.86,2265.31,1.0
17-10-28_00:40:56,23.0,0.0,4200.0,73.3,2.8,766.86,2265.31,1.0
17-10-28_00:40:56,23.0,0.0,4200.0,73.3,2.8,766.86,2265.31,1.0
17-10-28_00:40:56,23.0,0.0,4200.0,73.3,2.8,766.86,2265.31,1.0
17-10-28_00:40:56,23.0,0.0,4200.0,73.3,2.8,766.86,2265.31,1.0
17-10-28_00:40:56,23.0,0.0,4200.0,73.3,2.8,766.86,2265.31,1.0
17-10-28_00:40:56,23.0,0.0,4200.0,73.3,2.8,766.86,2265.31,1.0
17-10-28_00:40:56,23.0,0.0,2.8,73.3,2.8,766.86,2265.31,1.0
17-10-28_00:40:56,23.0,0.0,2.8,73.3,2.8,766.86,2265.31,1.0
17-10-28_00:40:56,23.0,0.0,2.8,73.3,2.8,766.86,2265.31,1.0
17-10-28_00:40:56,23.0,0.0,2.8,73.3,2.8,766.86,2265.31,1.0
17-10-28_00:40:56,23.0,0.0,2.8,73.3,2.8,766.86,2265.31,1.0
17-10-28_00:40:56,23.0,0.0,2.8,73.3,2.8,766.86,2265.31,1.0
17-10-28_00:40:56,23.0,0.0,2.8,73.3,2.8,766.86,2265.31,1.0
17-10-28_00:40:56,23.0,0.0,2.8,73.3,2.8,766.86,2265.31,1.0
17-10-28_00:40:56,23.0,0.0,2.8,73.3,2.8,766.86,2265.31,1.0
17-10-28_00:40:56,23.0,0.0,2.8,73.3,2.8,766.86,2265.31,1.0
17-10-28_00:40:56,23.0,0.0,2.8,73.3,2.8,766.86,2265.31,1.0
17-10-28_00:40:56,23.0,0.0,2.8,73.3,2.8,766.86,2265.31,1.0
17-10-28_00:40:56,23.0,0.0,2.8,73.3,2.8,766.86,2265.31,1.0
17-10-28_00:40:56,23.0,0.0,2.8,73.3,2.8,766.86,2265.31,1.0
17-10-28_00:40:56,23.0,0.0,2.8,73.3,2.8,766.86,2265.31,1.0
17-10-28_00:40:56,23.0,0.0,2.8,73.3,2.8,766.86,2265.31,1.0
17-10-28_00:40:56,23.0,0.0,4100.0,73.3,2.8,766.86,2265.31,1.0
17-10-28_00:40:56,23.0,0.0,4100.0,73.3,2.8,766.86,2265.31,1.0
17-10-28_00:40:56,23.0,0.0,4100.0,73.3,2.8,766.86,2265.31,1.0
17-10-28_00:40:56,23.0,0.0,4100.0,73.3,2.8,766.86,2265.31,1.0
17-10-28_00:40:56,23.0,0.0,4100.0,73.3,2.8,766.86,2265.31,1.0
17-10-28_00:40:56,23.0,0.0,4100.0,73.3,2.8,766.86,2265.31,1.0
17-10-28_00:40:56,23.0,0.0,4100.0,73.3,2.8,766.86,2265.31,1.0
17-10-28_00:40:56,23.0,0.0,4100.0,73.3,2.8,766.86,2265.31,1.0
17-10-28_00:40:56,23.0,0.0,4100.0,73.3,2.8,766.86,2265.31,1.0
17-10-28_00:40:56,23.0,0.0,4100.0,73.3,2.8,766.86,2265.31,1.0
17-10-28_00:40:56,23.0,0.0,4100.0,73.3,2.8,766.86,2265.31,1.0
17-10-28_00:40:56,23.0,0.0,4100.0,73.3,2.8,766.86,2265.31,1.0
17-10-28_00:40:56,23.0,0.0,4100.0,73.3,2.8,766.86,2265.31,1.0
17-10-28_00:40:56,23.0,0.0,4100.0,73.3,2.8,766.86,2265.31,1.0
17-10-28_00:40:56,23.0,0.0,4100.0,73.3,2.8,766.86,2265.31,1.0
17-10-28_00:40:56,23.0,0.0,4100.0,73.3,2.8,766.86,2265.31,1.0
17-10-28_00:40:56,23.0,0.0,2.8,73.3,2.8,766.86,2265.31,1.0
17-10-28_00:40:56,23.0,0.0,2.8,73.3,2.8,766.86,2265.31,1.0
17-10-28_00:40:56,23.0,0.0,2.8,73.3,2.8,766.86,2265.31,1.0
17-10-28_00:40:56,23.0,0.0,2.8,73.3,2.8,766.86,2265.31,1.0
17-10-28_00:40:56,23.0,0.0,2.8,73.3,2.8,766.86,2265.31,1.0
17-10-28_00:40:56,23.0,0.0,2.8,73.3,2.8,766.86,2265.31,1.0
17-10-28_00:40:56,23.0,0.0,2.8,73.3,2.8,766.86,2265.31,1.0
17-10-28_00:40:56,23.0,0.0,2.8,73.3,2.8,766.86,2265.31,1.0
17-10-28_00:40:56,23.0,0.0,2.8,73.3,2.8,766.86,2265.31,1.0
17-10-28_00:40:56,23.0,0.0,2.8,73.3,2.8,766.86,2265.31,1.0
17-10-28_00:40:56,23.0,0.0,2.8,73.3,2.8,766.86,2265.31,1.0
17-10-28_00:40:56,23.0,0.0,2.8,73.3,2.8,766.86,2265.31,1.0
17-10-28_00:40:56,23.0,0.0,2.8,73.3,2.8,766.86,2265.31,1.0
17-10-28_00:40:56,23.0,0.0,2.8,73.3,2.8,766.86,2265.31,1.0
17-10-28_00:40:56,23.0,0.0,2.8,73.3,2.8,766.86,2265.31,1.0
17-10-28_00:40:56,23.0,0.0,2.8,73.3,2.8,766.86,2265.31,1.0
17-10-28_00:40:56,23.0,0.0,2.8,73.3,2.8,766.86,2265.31,1.0
17-10-28_00:40:56,23.0,0.0,2.8,73.3,2.8,766.86,2265.31,1.0
17-10-28_00:40:56,23.0,0.0,2.8,73.3,2.8,766.86,2265.31,1.0
17-10-28_00:40:56,23.0,0.0,2.8,73.3,2.8,766.86,2265.31,1.0
17-10-28_00:40:56,23.0,0.0,2.8,73.3,2.8,766.86,2265.31,1.0
17-10-28_00:40:56,23.0,0.0,2.8,73.3,2.8,766.86,2265.31,1.0
17-10-28_00:40:56,23.0,0.0,2.8,73.3,2.8,766.86,2265.31,1.0
17-10-28_00:40:56,23.0,0.0,2.8,73.3,2.8,766.86,2265.31,1.0
17-10-28_00:40:56,23.0,0.0,2.8,73.3,2.8,766.86,2265.31,1.0
17-10-28_00:40:56,23.0,0.0,2.8,73.3,2.8,766.86,2265.31,1.0
17-10-28_00:40:56,23.0,0.0,2.8,73.3,2.8,766.86,2265.31,1.0
17-10-28_00:40:56,23.0,0.0,2.8,73.3,2.8,766.86,2265.31,1.0
17-10-28_00:40:56,23.0,0.0,2.8,73.3,2.8,766.86,2265.31,1.0
17-10-28_00:40:56,23.0,0.0,2.8,73.3,2.8,766.86,2265.31,1.0
17-10-28_00:40:56,23.0,0.0,2.8,73.3,2.8,766.86,2265.31,1.0
17-10-28_00:40:56,23.0,0.0,2.8,73.3,2.8,766.86,2265.31,1.0
17-10-28_00:40:56,23.0,0.0,4300.0,73.3,2.8,766.86,2265.31,1.0
17-10-28_00:40:56,23.0,0.0,4300.0,73.3,2.8,766.86,2265.31,1.0
17-10-28_00:40:56,23.0,0.0,4300.0,73.3,2.8,766.86,2265.31,1.0
17-10-28_00:40:56,23.0,0.0,4300.0,73.3,2.8,766.86,2265.31,1.0
17-10-28_00:40:56,23.0,0.0,4300.0,73.3,2.8,766.86,2265.31,1.0
17-10-28_00:40:56,23.0,0.0,4300.0,73.3,2.8,766.86,2265.31,1.0
17-10-28_00:40:56,23.0,0.0,4300.0,73.3,2.8,766.86,2265.31,1.0
17-10-28_00:40:56,23.0,0.0,4300.0,73.3,2.8,766.86,2265.31,1.0
17-10-28_00:40:56,23.0,0.0,4300.0,73.3,2.8,766.86,2265.31,1.0
17-10-28_00:40:56,23.0,0.0,4300.0,73.3,2.8,766.86,2265.31,1.0
17-10-28_00:40:56,23.0,0.0,4300.0,73.3,2.8,766.86,2265.31,1.0
17-10-28_00:40:56,23.0,0.0,4300.0,73.3,2.8,766.86,2265.31,1.0
17-10-28_00:40:56,23.0,0.0,4300.0,73.3,2.8,766.86,2265.31,1.0
17-10-28_00:40:56,23.0,0.0,4300.0,73.3,2.8,766.86,2265.31,1.0
17-10-28_00:40:56,23.0,0.0,4300.0,73.3,2.8,766.86,2265.31,1.0
17-10-28_00:40:56,23.0,0.0,4300.0,73.3,2.8,766.86,2265.31,1.0
17-10-28_00:40:56,23.0,0.0,4200.0,73.3,2.8,766.86,2265.31,1.0
17-10-28_00:40:56,23.0,0.0,4200.0,73.3,2.8,766.86,2265.31,1.0
17-10-28_00:40:56,23.0,0.0,4200.0,73.3,2.8,766.86,2265.31,1.0
17-10-28_00:40:56,23.0,0.0,4200.0,73.3,2.8,766.86,2265.31,1.0
17-10-28_00:40:56,23.0,0.0,4200.0,73.3,2.8,766.86,2265.31,1.0
17-10-28_00:40:56,23.0,0.0,4200.0,73.3,2.8,766.86,2265.31,1.0
17-10-28_00:40:56,23.0,0.0,4200.0,73.3,2.8,766.86,2265.31,1.0
17-10-28_00:40:56,23.0,0.0,4200.0,73.3,2.8,766.86,2265.31,1.0
17-10-28_00:40:56,23.0,0.0,4200.0,73.3,2.8,766.86,2265.31,1.0
17-10-28_00:40:56,23.0,0.0,4200.0,73.3,2.8,766.86,2265.31,1.0
17-10-28_00:40:56,23.0,0.0,4200.0,73.3,2.8,766.86,2265.31,1.0
17-10-28_00:40:56,23.0,0.0,4200.0,73.3,2.8,766.86,2265.31,1.0
17-10-28_00:40:56,23.0,0.0,4200.0,73.3,2.8,766.86,2265.31,1.0
17-10-28_00:40:56,23.0,0.0,4200.0,73.3,2.8,766.86,2265.31,1.0
17-10-28_00:40:56,23.0,0.0,4200.0,73.3,2.8,766.86,2265.31,1.0
17-10-28_00:40:56,23.0,0.0,4200.0,73.3,2.8,766.86,2265.31,1.0
17-10-28_00:40:56,23.0,0.0,4200.0,73.3,2.8,766.86,2265.31,1.0
17-10-28_00:40:56,23.0,0.0,4200.0,73.3,2.8,766.86,2265.31,1.0
17-10-28_00:40:56,23.0,0.0,4200.0,73.3,2.8,766.86,2265.31,1.0
17-10-28_00:40:56,23.0,0.0,4200.0,73.3,2.8,766.86,2265.31,1.0
17-10-28_00:40:56,23.0,0.0,4200.0,73.3,2.8,766.86,2265.31,1.0
17-10-28_00:40:56,23.0,0.0,4200.0,73.3,2.8,766.86,2265.31,1.0
17-10-28_00:40:56,23.0,0.0,4200.0,73.3,2.8,766.86,2265.31,1.0
17-10-28_00:40:56,23.0,0.0,4200.0,73.3,2.8,766.86,2265.31,1.0
17-10-28_00:40:56,23.0,0.0,4200.0,73.3,2.8,766.86,2265.31,1.0
17-10-28_00:40:56,23.0,0.0,4200.0,73.3,2.8,766.86,2265.31,1.0
17-10-28_00:40:56,23.0,0.0,4200.0,73.3,2.8,766.86,2265.31,1.0
17-10-28_00:40:56,23.0,0.0,4200.0,73.3,2.8,766.86,2265.31,1.0
17-10-28_00:40:56,23.0,0.0,4200.0,73.3,2.8,766.86,2265.31,1.0
17-10-28_00:40:56,23.0,0.0,4200.0,73.3,2.8,766.86,2265.31,1.0
17-10-28_00:40:56,23.0,0.0,4200.0,73.3,2.8,766.86,2265.31,1.0
17-10-28_00:40:56,23.0,0.0,4200.0,73.3,2.8,766.86,2265.31,1.0
17-10-28_00:40:56,23.0,0.0,4200.0,73.3,2.8,766.86,2265.31,1.0
17-10-28_00:40:56,23.0,0.0,4200.0,73.3,2.8,766.86,2265.31,1.0
17-10-28_00:40:56,23.0,0.0,4200.0,73.3,2.8,766.86,2265.31,1.0
17-10-28_00:40:56,23.0,0.0,4200.0,73.3,2.8,766.86,2265.31,1.0
17-10-28_00:40:56,23.0,0.0,4200.0,73.3,2.8,766.86,2265.31,1.0
17-10-28_00:40:56,23.0,0.0,4200.0,73.3,2.8,766.86,2265.31,1.0
17-10-28_00:40:56,23.0,0.0,4200.0,73.3,2.8,766.86,2265.31,1.0
17-10-28_00:40:56,23.0,0.0,4200.0,73.3,2.8,766.86,2265.31,1.0
17-10-28_00:40:56,23.0,0.0,4200.0,73.3,2.8,766.86,2265.31,1.0
17-10-28_00:40:56,23.0,0.0,4200.0,73.3,2.8,766.86,2265.31,1.0
17-10-28_00:40:56,23.0,0.0,4200.0,73.3,2.8,766.86,2265.31,1.0
17-10-28_00:40:56,23.0,0.0,4200.0,73.3,2.8,766.86,2265.31,1.0
17-10-28_00:40:56,23.0,0.0,4200.0,73.3,2.8,766.86,2265.31,1.0
17-10-28_00:40:56,23.0,0.0,4200.0,73.3,2.8,766.86,2265.31,1.0
17-10-28_00:40:56,23.0,0.0,4200.0,73.3,2.8,766.86,2265.31,1.0
17-10-28_00:40:56,23.0,0.0,4200.0,73.3,2.8,766.86,2265.31,1.0
17-10-28_00:40:56,23.0,0.0,4200.0,73.3,2.8,766.86,2265.31,1.0
17-10-28_00:40:56,23.0,0.0,4200.0,73.3,2.8,766.86,2265.31,1.0
17-10-28_00:40:56,23.0,0.0,4200.0,73.3,2.8,766.86,2265.31,1.0
17-10-28_00:40:56,23.0,0.0,4200.0,73.3,2.8,766.86,2265.31,1.0
17-10-28_00:40:56,23.0,0.0,4200.0,73.3,2.8,766.86,2265.31,1.0
17-10-28_00:40:56,23.0,0.0,4200.0,73.3,2.8,766.86,2265.31,1.0
17-10-28_00:40:56,23.0,0.0,4200.0,73.3,2.8,766.86,2265.31,1.0
17-10-28_00:40:56,23.0,0.0,4200.0,73.3,2.8,766.86,2265.31,1.0
17-10-28_00:40:56,23.0,0.0,4200.0,73.3,2.8,766.86,2265.31,1.0
17-10-28_00:40:56,23.0,0.0,4200.0,73.3,2.8,766.86,2265.31,1.0
17-10-28_00:40:56,23.0,0.0,4200.0,73.3,2.8,766.86,2265.31,1.0
17-10-28_00:40:56,23.0,0.0,4200.0,73.3,2.8,766.86,2265.31,1.0
17-10-28_00:40:56,23.0,0.0,4200.0,73.3,2.8,766.86,2265.31,1.0
17-10-28_00:40:56,23.0,0.0,4200.0,73.3,2.8,766.86,2265.31,1.0
17-10-28_00:40:56,23.0,0.0,4200.0,73.3,2.8,766.86,2265.31,1.0
17-10-28_00:40:56,23.0,0.0,4200.0,73.3,2.8,766.86,2265.31,1.0
17-10-28_00:40:56,23.0,0.0,4300.0,73.3,2.8,766.86,2265.31,1.0
17-10-28_00:40:56,23.0,0.0,4300.0,73.3,2.8,766.86,2265.31,1.0
17-10-28_00:40:56,23.0,0.0,4300.0,73.3,2.8,766.86,2265.31,1.0
17-10-28_00:40:56,23.0,0.0,4300.0,73.3,2.8,766.86,2265.31,1.0
17-10-28_00:40:56,23.0,0.0,4300.0,73.3,2.8,766.86,2265.31,1.0
17-10-28_00:40:56,23.0,0.0,4300.0,73.3,2.8,766.86,2265.31,1.0
17-10-28_00:40:56,23.0,0.0,4300.0,73.3,2.8,766.86,2265.31,1.0
17-10-28_00:40:56,23.0,0.0,4300.0,73.3,2.8,766.86,2265.31,1.0
17-10-28_00:40:56,23.0,0.0,4300.0,73.3,2.8,766.86,2265.31,1.0
17-10-28_00:40:56,23.0,0.0,4300.0,73.3,2.8,766.86,2265.31,1.0
17-10-28_00:40:56,23.0,0.0,4300.0,73.3,2.8,766.86,2265.31,1.0
17-10-28_00:40:56,23.0,0.0,4300.0,73.3,2.8,766.86,2265.31,1.0
17-10-28_00:40:56,23.0,0.0,4300.0,73.3,2.8,766.86,2265.31,1.0
17-10-28_00:40:56,23.0,0.0,4300.0,73.3,2.8,766.86,2265.31,1.0
17-10-28_00:40:56,23.0,0.0,4300.0,73.3,2.8,766.86,2265.31,1.0
17-10-28_00:40:56,23.0,0.0,4300.0,73.3,2.8,766.86,2265.31,1.0
17-10-28_00:40:56,23.0,0.0,4200.0,73.3,2.8,766.86,2265.31,1.0
17-10-28_00:40:56,23.0,0.0,4200.0,73.3,2.8,766.86,2265.31,1.0
17-10-28_00:40:56,23.0,0.0,4200.0,73.3,2.8,766.86,2265.31,1.0
17-10-28_00:40:56,23.0,0.0,4200.0,73.3,2.8,766.86,2265.31,1.0
17-10-28_00:40:56,23.0,0.0,4200.0,73.3,2.8,766.86,2265.31,1.0
17-10-28_00:40:56,23.0,0.0,4200.0,73.3,2.8,766.86,2265.31,1.0
17-10-28_00:40:56,23.0,0.0,4200.0,73.3,2.8,766.86,2265.31,1.0
17-10-28_00:40:56,23.0,0.0,4200.0,73.3,2.8,766.86,2265.31,1.0
17-10-28_00:40:56,23.0,0.0,4200.0,73.3,2.8,766.86,2265.31,1.0
17-10-28_00:40:56,23.0,0.0,4200.0,73.3,2.8,766.86,2265.31,1.0
17-10-28_00:40:56,23.0,0.0,4200.0,73.3,2.8,766.86,2265.31,1.0
17-10-28_00:40:56,23.0,0.0,4200.0,73.3,2.8,766.86,2265.31,1.0
17-10-28_00:40:56,23.0,0.0,4200.0,73.3,2.8,766.86,2265.31,1.0
17-10-28_00:40:56,23.0,0.0,4200.0,73.3,2.8,766.86,2265.31,1.0
17-10-28_00:40:56,23.0,0.0,4200.0,73.3,2.8,766.86,2265.31,1.0
17-10-28_00:40:56,23.0,0.0,4200.0,73.3,2.8,766.86,2265.31,1.0
17-10-28_00:40:56,23.0,0.0,4100.0,73.3,2.8,766.86,2265.31,1.0
17-10-28_00:40:56,23.0,0.0,4100.0,73.3,2.8,766.86,2265.31,1.0
17-10-28_00:40:56,23.0,0.0,4100.0,73.3,2.8,766.86,2265.31,1.0
17-10-28_00:40:56,23.0,0.0,4100.0,73.3,2.8,766.86,2265.31,1.0
17-10-28_00:40:56,23.0,0.0,4100.0,73.3,2.8,766.86,2265.31,1.0
17-10-28_00:40:56,23.0,0.0,4100.0,73.3,2.8,766.86,2265.31,1.0
17-10-28_00:40:56,23.0,0.0,4100.0,73.3,2.8,766.86,2265.31,1.0
17-10-28_00:40:56,23.0,0.0,4100.0,73.3,2.8,766.86,2265.31,1.0
17-10-28_00:40:56,23.0,0.0,4100.0,73.3,2.8,766.86,2265.31,1.0
17-10-28_00:40:56,23.0,0.0,4100.0,73.3,2.8,766.86,2265.31,1.0
17-10-28_00:40:56,23.0,0.0,4100.0,73.3,2.8,766.86,2265.31,1.0
17-10-28_00:40:56,23.0,0.0,4100.0,73.3,2.8,766.86,2265.31,1.0
17-10-28_00:40:56,23.0,0.0,4100.0,73.3,2.8,766.86,2265.31,1.0
17-10-28_00:40:56,23.0,0.0,4100.0,73.3,2.8,766.86,2265.31,1.0
17-10-28_00:40:56,23.0,0.0,4100.0,73.3,2.8,766.86,2265.31,1.0
17-10-28_00:40:56,23.0,0.0,4100.0,73.3,2.8,766.86,2265.31,1.0
17-10-28_00:40:56,23.0,0.0,4300.0,73.3,2.8,766.86,2265.31,1.0
17-10-28_00:40:56,23.0,0.0,4300.0,73.3,2.8,766.86,2265.31,1.0
17-10-28_00:40:56,23.0,0.0,4300.0,73.3,2.8,766.86,2265.31,1.0
17-10-28_00:40:56,23.0,0.0,4300.0,73.3,2.8,766.86,2265.31,1.0
17-10-28_00:40:56,23.0,0.0,4300.0,73.3,2.8,766.86,2265.31,1.0
17-10-28_00:40:56,23.0,0.0,4300.0,73.3,2.8,766.86,2265.31,1.0
17-10-28_00:40:56,23.0,0.0,4300.0,73.3,2.8,766.86,2265.31,1.0
17-10-28_00:40:56,23.0,0.0,4300.0,73.3,2.8,766.86,2265.31,1.0
17-10-28_00:40:56,23.0,0.0,4300.0,73.3,2.8,766.86,2265.31,1.0
17-10-28_00:40:56,23.0,0.0,4300.0,73.3,2.8,766.86,2265.31,1.0
17-10-28_00:40:56,23.0,0.0,4300.0,73.3,2.8,766.86,2265.31,1.0
17-10-28_00:40:56,23.0,0.0,4300.0,73.3,2.8,766.86,2265.31,1.0
17-10-28_00:40:56,23.0,0.0,4300.0,73.3,2.8,766.86,2265.31,1.0
17-10-28_00:40:56,23.0,0.0,4300.0,73.3,2.8,766.86,2265.31,1.0
17-10-28_00:40:56,23.0,0.0,4300.0,73.3,2.8,766.86,2265.31,1.0
17-10-28_00:40:56,23.0,0.0,4300.0,73.3,2.8,766.86,2265.31,1.0
17-10-28_00:40:56,23.0,0.0,4300.0,73.3,2.8,766.86,2265.31,1.0
17-10-28_00:40:56,23.0,0.0,4300.0,73.3,2.8,766.86,2265.31,1.0
17-10-28_00:40:56,23.0,0.0,4300.0,73.3,2.8,766.86,2265.31,1.0
17-10-28_00:40:56,23.0,0.0,4300.0,73.3,2.8,766.86,2265.31,1.0
17-10-28_00:40:56,23.0,0.0,4300.0,73.3,2.8,766.86,2265.31,1.0
17-10-28_00:40:56,23.0,0.0,4300.0,73.3,2.8,766.86,2265.31,1.0
17-10-28_00:40:56,23.0,0.0,4300.0,73.3,2.8,766.86,2265.31,1.0
17-10-28_00:40:56,23.0,0.0,4300.0,73.3,2.8,766.86,2265.31,1.0
17-10-28_00:40:56,23.0,0.0,4300.0,73.3,2.8,766.86,2265.31,1.0
17-10-28_00:40:56,23.0,0.0,4300.0,73.3,2.8,766.86,2265.31,1.0
17-10-28_00:40:56,23.0,0.0,4300.0,73.3,2.8,766.86,2265.31,1.0
17-10-28_00:40:56,23.0,0.0,4300.0,73.3,2.8,766.86,2265.31,1.0
17-10-28_00:40:56,23.0,0.0,4300.0,73.3,2.8,766.86,2265.31,1.0
17-10-28_00:40:56,23.0,0.0,4300.0,73.3,2.8,766.86,2265.31,1.0
17-10-28_00:40:56,23.0,0.0,4300.0,73.3,2.8,766.86,2265.31,1.0
17-10-28_00:40:56,23.0,0.0,4300.0,73.3,2.8,766.86,2265.31,1.0
17-10-28_00:40:56,23.0,0.0,4200.0,73.3,2.8,766.86,2265.31,1.0
17-10-28_00:40:56,23.0,0.0,4200.0,73.3,2.8,766.86,2265.31,1.0
17-10-28_00:40:56,23.0,0.0,4200.0,73.3,2.8,766.86,2265.31,1.0
17-10-28_00:40:56,23.0,0.0,4200.0,73.3,2.8,766.86,2265.31,1.0
17-10-28_00:40:56,23.0,0.0,4200.0,73.3,2.8,766.86,2265.31,1.0
17-10-28_00:40:56,23.0,0.0,4200.0,73.3,2.8,766.86,2265.31,1.0
17-10-28_00:40:56,23.0,0.0,4200.0,73.3,2.8,766.86,2265.31,1.0
17-10-28_00:40:56,23.0,0.0,4200.0,73.3,2.8,766.86,2265.31,1.0
17-10-28_00:40:56,23.0,0.0,4200.0,73.3,2.8,766.86,2265.31,1.0
17-10-28_00:40:56,23.0,0.0,4200.0,73.3,2.8,766.86,2265.31,1.0
17-10-28_00:40:56,23.0,0.0,4200.0,73.3,2.8,766.86,2265.31,1.0
17-10-28_00:40:56,23.0,0.0,4200.0,73.3,2.8,766.86,2265.31,1.0
17-10-28_00:40:56,23.0,0.0,4200.0,73.3,2.8,766.86,2265.31,1.0
17-10-28_00:40:56,23.0,0.0,4200.0,73.3,2.8,766.86,2265.31,1.0
17-10-28_00:40:56,23.0,0.0,4200.0,73.3,2.8,766.86,2265.31,1.0
17-10-28_00:40:56,23.0,0.0,4200.0,73.3,2.8,766.86,2265.31,1.0
17-10-28_00:40:56,23.0,0.0,4.0,73.3,2.8,766.86,2265.31,1.0
17-10-28_00:40:56,23.0,0.0,4.0,73.3,2.8,766.86,2265.31,1.0
17-10-28_00:40:56,23.0,0.0,4.0,73.3,2.8,766.86,2265.31,1.0
17-10-28_00:40:56,23.0,0.0,4.0,73.3,2.8,766.86,2265.31,1.0
17-10-28_00:40:56,23.0,0.0,4.0,73.3,2.8,766.86,2265.31,1.0
17-10-28_00:40:56,23.0,0.0,4.0,73.3,2.8,766.86,2265.31,1.0
17-10-28_00:40:56,23.0,0.0,4.0,73.3,2.8,766.86,2265.31,1.0
17-10-28_00:40:56,23.0,0.0,4.0,73.3,2.8,766.86,2265.31,1.0
17-10-28_00:40:56,23.0,0.0,4.0,73.3,2.8,766.86,2265.31,1.0
17-10-28_00:40:56,23.0,0.0,4.0,73.3,2.8,766.86,2265.31,1.0
17-10-28_00:40:56,23.0,0.0,4.0,73.3,2.8,766.86,2265.31,1.0
17-10-28_00:40:56,23.0,0.0,4.0,73.3,2.8,766.86,2265.31,1.0
17-10-28_00:40:56,23.0,0.0,4.0,73.3,2.8,766.86,2265.31,1.0
17-10-28_00:40:56,23.0,0.0,4.0,73.3,2.8,766.86,2265.31,1.0
17-10-28_00:40:56,23.0,0.0,4.0,73.3,2.8,766.86,2265.31,1.0
17-10-28_00:40:56,23.0,0.0,4.0,73.3,2.8,766.86,2265.31,1.0
17-10-28_00:40:56,23.0,0.0,4000.0,73.3,2.8,766.86,2265.31,1.0
17-10-28_00:40:56,23.0,0.0,4000.0,73.3,2.8,766.86,2265.31,1.0
17-10-28_00:40:56,23.0,0.0,4000.0,73.3,2.8,766.86,2265.31,1.0
17-10-28_00:40:56,23.0,0.0,4000.0,73.3,2.8,766.86,2265.31,1.0
17-10-28_00:40:56,23.0,0.0,4000.0,73.3,2.8,766.86,2265.31,1.0
17-10-28_00:40:56,23.0,0.0,4000.0,73.3,2.8,766.86,2265.31,1.0
17-10-28_00:40:56,23.0,0.0,4000.0,73.3,2.8,766.86,2265.31,1.0
17-10-28_00:40:56,23.0,0.0,4000.0,73.3,2.8,766.86,2265.31,1.0
17-10-28_00:40:56,23.0,0.0,4000.0,73.3,2.8,766.86,2265.31,1.0
17-10-28_00:40:56,23.0,0.0,4000.0,73.3,2.8,766.86,2265.31,1.0
17-10-28_00:40:56,23.0,0.0,4000.0,73.3,2.8,766.86,2265.31,1.0
17-10-28_00:40:56,23.0,0.0,4000.0,73.3,2.8,766.86,2265.31,1.0
17-10-28_00:40:56,23.0,0.0,4000.0,73.3,2.8,766.86,2265.31,1.0
17-10-28_00:40:56,23.0,0.0,4000.0,73.3,2.8,766.86,2265.31,1.0
17-10-28_00:40:56,23.0,0.0,4000.0,73.3,2.8,766.86,2265.31,1.0
17-10-28_00:40:56,23.0,0.0,4000.0,73.3,2.8,766.86,2265.31,1.0
17-10-28_00:40:56,23.0,0.0,1355.9,73.3,2.8,766.86,2265.31,1.0
17-10-28_00:40:56,23.0,0.0,1355.9,73.3,2.8,766.86,2265.31,1.0
17-10-28_00:40:56,23.0,0.0,1355.9,73.3,2.8,766.86,2265.31,1.0
17-10-28_00:40:56,23.0,0.0,1355.9,73.3,2.8,766.86,2265.31,1.0
17-10-28_00:40:56,23.0,0.0,1355.9,73.3,2.8,766.86,2265.31,1.0
17-10-28_00:40:56,23.0,0.0,1355.9,73.3,2.8,766.86,2265.31,1.0
17-10-28_00:40:56,23.0,0.0,1355.9,73.3,2.8,766.86,2265.31,1.0
17-10-28_00:40:56,23.0,0.0,1355.9,73.3,2.8,766.86,2265.31,1.0
17-10-28_00:40:56,23.0,0.0,1355.9,73.3,2.8,766.86,2265.31,1.0
17-10-28_00:40:56,23.0,0.0,1355.9,73.3,2.8,766.86,2265.31,1.0
17-10-28_00:40:56,23.0,0.0,1355.9,73.3,2.8,766.86,2265.31,1.0
17-10-28_00:40:56,23.0,0.0,1355.9,73.3,2.8,766.86,2265.31,1.0
17-10-28_00:40:56,23.0,0.0,1355.9,73.3,2.8,766.86,2265.31,1.0
17-10-28_00:40:56,23.0,0.0,1355.9,73.3,2.8,766.86,2265.31,1.0
17-10-28_00:40:56,23.0,0.0,1355.9,73.3,2.8,766.86,2265.31,1.0
17-10-28_00:40:56,23.0,0.0,1355.9,73.3,2.8,766.86,2265.31,1.0
17-10-28_00:40:56,23.0,0.0,3000.0,73.3,2.8,766.86,2265.31,1.0
17-10-28_00:40:56,23.0,0.0,3000.0,73.3,2.8,766.86,2265.31,1.0
17-10-28_00:40:56,23.0,0.0,3000.0,73.3,2.8,766.86,2265.31,1.0
17-10-28_00:40:56,23.0,0.0,3000.0,73.3,2.8,766.86,2265.31,1.0
17-10-28_00:40:56,23.0,0.0,3000.0,73.3,2.8,766.86,2265.31,1.0
17-10-28_00:40:56,23.0,0.0,3000.0,73.3,2.8,766.86,2265.31,1.0
17-10-28_00:40:56,23.0,0.0,3000.0,73.3,2.8,766.86,2265.31,1.0
17-10-28_00:40:56,23.0,0.0,3000.0,73.3,2.8,766.86,2265.31,1.0
17-10-28_00:40:56,23.0,0.0,3000.0,73.3,2.8,766.86,2265.31,1.0
17-10-28_00:40:56,23.0,0.0,3000.0,73.3,2.8,766.86,2265.31,1.0
17-10-28_00:40:56,23.0,0.0,3000.0,73.3,2.8,766.86,2265.31,1.0
17-10-28_00:40:56,23.0,0.0,3000.0,73.3,2.8,766.86,2265.31,1.0
17-10-28_00:40:56,23.0,0.0,3000.0,73.3,2.8,766.86,2265.31,1.0
17-10-28_00:40:56,23.0,0.0,3000.0,73.3,2.8,766.86,2265.31,1.0
17-10-28_00:40:56,23.0,0.0,3000.0,73.3,2.8,766.86,2265.31,1.0
17-10-28_00:40:56,23.0,0.0,3000.0,73.3,2.8,766.86,2265.31,1.0
17-10-28_00:40:56,23.0,0.0,4000.0,73.3,2.8,766.86,2265.31,1.0
17-10-28_00:40:56,23.0,0.0,4000.0,73.3,2.8,766.86,2265.31,1.0
17-10-28_00:40:56,23.0,0.0,4000.0,73.3,2.8,766.86,2265.31,1.0
17-10-28_00:40:56,23.0,0.0,4000.0,73.3,2.8,766.86,2265.31,1.0
17-10-28_00:40:56,23.0,0.0,4000.0,73.3,2.8,766.86,2265.31,1.0
17-10-28_00:40:56,23.0,0.0,4000.0,73.3,2.8,766.86,2265.31,1.0
17-10-28_00:40:56,23.0,0.0,4000.0,73.3,2.8,766.86,2265.31,1.0
17-10-28_00:40:56,23.0,0.0,4000.0,73.3,2.8,766.86,2265.31,1.0
17-10-28_00:40:56,23.0,0.0,4000.0,73.3,2.8,766.86,2265.31,1.0
17-10-28_00:40:56,23.0,0.0,4000.0,73.3,2.8,766.86,2265.31,1.0
17-10-28_00:40:56,23.0,0.0,4000.0,73.3,2.8,766.86,2265.31,1.0
17-10-28_00:40:56,23.0,0.0,4000.0,73.3,2.8,766.86,2265.31,1.0
17-10-28_00:40:56,23.0,0.0,4000.0,73.3,2.8,766.86,2265.31,1.0
17-10-28_00:40:56,23.0,0.0,4000.0,73.3,2.8,766.86,2265.31,1.0
17-10-28_00:40:56,23.0,0.0,4000.0,73.3,2.8,766.86,2265.31,1.0
17-10-28_00:40:56,23.0,0.0,4000.0,73.3,2.8,766.86,2265.31,1.0
17-10-28_00:40:56,23.0,0.0,4000.0,73.3,2.8,766.86,2265.31,1.0
17-10-28_00:40:56,23.0,0.0,4000.0,73.3,2.8,766.86,2265.31,1.0
17-10-28_00:40:56,23.0,0.0,4000.0,73.3,2.8,766.86,2265.31,1.0
17-10-28_00:40:56,23.0,0.0,4000.0,73.3,2.8,766.86,2265.31,1.0
17-10-28_00:40:56,23.0,0.0,4000.0,73.3,2.8,766.86,2265.31,1.0
17-10-28_00:40:56,23.0,0.0,4000.0,73.3,2.8,766.86,2265.31,1.0
17-10-28_00:40:56,23.0,0.0,4000.0,73.3,2.8,766.86,2265.31,1.0
17-10-28_00:40:56,23.0,0.0,4000.0,73.3,2.8,766.86,2265.31,1.0
17-10-28_00:40:56,23.0,0.0,4000.0,73.3,2.8,766.86,2265.31,1.0
17-10-28_00:40:56,23.0,0.0,4000.0,73.3,2.8,766.86,2265.31,1.0
17-10-28_00:40:56,23.0,0.0,4000.0,73.3,2.8,766.86,2265.31,1.0
17-10-28_00:40:56,23.0,0.0,4000.0,73.3,2.8,766.86,2265.31,1.0
17-10-28_00:40:56,23.0,0.0,4000.0,73.3,2.8,766.86,2265.31,1.0
17-10-28_00:40:56,23.0,0.0,4000.0,73.3,2.8,766.86,2265.31,1.0
17-10-28_00:40:56,23.0,0.0,4000.0,73.3,2.8,766.86,2265.31,1.0
17-10-28_00:40:56,23.0,0.0,4000.0,73.3,2.8,766.86,2265.31,1.0
17-10-28_00:40:56,23.0,0.0,4000.0,73.3,2.8,766.86,2265.31,1.0
17-10-28_00:40:56,23.0,0.0,4000.0,73.3,2.8,766.86,2265.31,1.0
17-10-28_00:40:56,23.0,0.0,4000.0,73.3,2.8,766.86,2265.31,1.0
17-10-28_00:40:56,23.0,0.0,4000.0,73.3,2.8,766.86,2265.31,1.0
17-10-28_00:40:56,23.0,0.0,4000.0,73.3,2.8,766.86,2265.31,1.0
17-10-28_00:40:56,23.0,0.0,4000.0,73.3,2.8,766.86,2265.31,1.0
17-10-28_00:40:56,23.0,0.0,4000.0,73.3,2.8,766.86,2265.31,1.0
17-10-28_00:40:56,23.0,0.0,4000.0,73.3,2.8,766.86,2265.31,1.0
17-10-28_00:40:56,23.0,0.0,4000.0,73.3,2.8,766.86,2265.31,1.0
17-10-28_00:40:56,23.0,0.0,4000.0,73.3,2.8,766.86,2265.31,1.0
17-10-28_00:40:56,23.0,0.0,4000.0,73.3,2.8,766.86,2265.31,1.0
17-10-28_00:40:56,23.0,0.0,4000.0,73.3,2.8,766.86,2265.31,1.0
17-10-28_00:40:56,23.0,0.0,4000.0,73.3,2.8,766.86,2265.31,1.0
17-10-28_00:40:56,23.0,0.0,4000.0,73.3,2.8,766.86,2265.31,1.0
17-10-28_00:40:56,23.0,0.0,4000.0,73.3,2.8,766.86,2265.31,1.0
17-10-28_00:40:56,23.0,0.0,4000.0,73.3,2.8,766.86,2265.31,1.0
17-10-28_00:40:56,23.0,0.0,4000.0,73.3,2.8,766.86,2265.31,1.0
17-10-28_00:40:56,23.0,0.0,4000.0,73.3,2.8,766.86,2265.31,1.0
17-10-28_00:40:56,23.0,0.0,4000.0,73.3,2.8,766.86,2265.31,1.0
17-10-28_00:40:56,23.0,0.0,4000.0,73.3,2.8,766.86,2265.31,1.0
17-10-28_00:40:56,23.0,0.0,4000.0,73.3,2.8,766.86,2265.31,1.0
17-10-28_00:40:56,23.0,0.0,4000.0,73.3,2.8,766.86,2265.31,1.0
17-10-28_00:40:56,23.0,0.0,4000.0,73.3,2.8,766.86,2265.31,1.0
17-10-28_00:40:56,23.0,0.0,4000.0,73.3,2.8,766.86,2265.31,1.0
17-10-28_00:40:56,23.0,0.0,4000.0,73.3,2.8,766.86,2265.31,1.0
17-10-28_00:40:56,23.0,0.0,4000.0,73.3,2.8,766.86,2265.31,1.0
17-10-28_00:40:56,23.0,0.0,4000.0,73.3,2.8,766.86,2265.31,1.0
17-10-28_00:40:56,23.0,0.0,4000.0,73.3,2.8,766.86,2265.31,1.0
17-10-28_00:40:56,23.0,0.0,4000.0,73.3,2.8,766.86,2265.31,1.0
17-10-28_00:40:56,23.0,0.0,4000.0,73.3,2.8,766.86,2265.31,1.0
17-10-28_00:40:56,23.0,0.0,4000.0,73.3,2.8,766.86,2265.31,1.0
17-10-28_00:40:56,23.0,0.0,4000.0,73.3,2.8,766.86,2265.31,1.0
17-10-28_00:40:56,23.0,0.0,4000.0,73.3,2.8,766.86,2265.31,1.0
17-10-28_00:40:56,23.0,0.0,4000.0,73.3,2.8,766.86,2265.31,1.0
17-10-28_00:40:56,23.0,0.0,4000.0,73.3,2.8,766.86,2265.31,1.0
17-10-28_00:40:56,23.0,0.0,4000.0,73.3,2.8,766.86,2265.31,1.0
17-10-28_00:40:56,23.0,0.0,4000.0,73.3,2.8,766.86,2265.31,1.0
17-10-28_00:40:56,23.0,0.0,4000.0,73.3,2.8,766.86,2265.31,1.0
17-10-28_00:40:56,23.0,0.0,4000.0,73.3,2.8,766.86,2265.31,1.0
17-10-28_00:40:56,23.0,0.0,4000.0,73.3,2.8,766.86,2265.31,1.0
17-10-28_00:40:56,23.0,0.0,4000.0,73.3,2.8,766.86,2265.31,1.0
17-10-28_00:40:56,23.0,0.0,4000.0,73.3,2.8,766.86,2265.31,1.0
17-10-28_00:40:56,23.0,0.0,4000.0,73.3,2.8,766.86,2265.31,1.0
17-10-28_00:40:56,23.0,0.0,4000.0,73.3,2.8,766.86,2265.31,1.0
17-10-28_00:40:56,23.0,0.0,4000.0,73.3,2.8,766.86,2265.31,1.0
17-10-28_00:40:56,23.0,0.0,4000.0,73.3,2.8,766.86,2265.31,1.0
17-10-28_00:40:56,23.0,0.0,4000.0,73.3,2.8,766.86,2265.31,1.0
17-10-28_00:40:56,23.0,0.0,4000.0,73.3,2.8,766.86,2265.31,1.0
17-10-28_00:40:56,23.0,0.0,4000.0,73.3,2.8,766.86,2265.31,1.0
17-10-28_00:40:56,23.0,0.0,4000.0,73.3,2.8,766.86,2265.31,1.0
17-10-28_00:40:56,23.0,0.0,4000.0,73.3,2.8,766.86,2265.31,1.0
17-10-28_00:40:56,23.0,0.0,4000.0,73.3,2.8,766.86,2265.31,1.0
17-10-28_00:40:56,23.0,0.0,4000.0,73.3,2.8,766.86,2265.31,1.0
17-10-28_00:40:56,23.0,0.0,4000.0,73.3,2.8,766.86,2265.31,1.0
17-10-28_00:40:56,23.0,0.0,4000.0,73.3,2.8,766.86,2265.31,1.0
17-10-28_00:40:56,23.0,0.0,4000.0,73.3,2.8,766.86,2265.31,1.0
17-10-28_00:40:56,23.0,0.0,4000.0,73.3,2.8,766.86,2265.31,1.0
17-10-28_00:40:56,23.0,0.0,4000.0,73.3,2.8,766.86,2265.31,1.0
17-10-28_00:40:56,23.0,0.0,4000.0,73.3,2.8,766.86,2265.31,1.0
17-10-28_00:40:56,23.0,0.0,4000.0,73.3,2.8,766.86,2265.31,1.0
17-10-28_00:40:56,23.0,0.0,4000.0,73.3,2.8,766.86,2265.31,1.0
17-10-28_00:40:56,23.0,0.0,4000.0,73.3,2.8,766.86,2265.31,1.0
17-10-28_00:40:56,23.0,0.0,4000.0,73.3,2.8,766.86,2265.31,1.0
17-10-28_00:40:56,23.0,0.0,4000.0,73.3,2.8,766.86,2265.31,1.0
17-10-28_00:40:56,23.0,0.0,4000.0,73.3,2.8,766.86,2265.31,1.0
17-10-28_00:40:56,23.0,0.0,4000.0,73.3,2.8,766.86,2265.31,1.0
17-10-28_00:40:56,23.0,0.0,4000.0,73.3,2.8,766.86,2265.31,1.0
17-10-28_00:40:56,23.0,0.0,4000.0,73.3,2.8,766.86,2265.31,1.0
17-10-28_00:40:56,23.0,0.0,4000.0,73.3,2.8,766.86,2265.31,1.0
17-10-28_00:40:56,23.0,0.0,4000.0,73.3,2.8,766.86,2265.31,1.0
17-10-28_00:40:56,23.0,0.0,4000.0,73.3,2.8,766.86,2265.31,1.0
17-10-28_00:40:56,23.0,0.0,4000.0,73.3,2.8,766.86,2265.31,1.0
17-10-28_00:40:56,23.0,0.0,4000.0,73.3,2.8,766.86,2265.31,1.0
17-10-28_00:40:56,23.0,0.0,4000.0,73.3,2.8,766.86,2265.31,1.0
17-10-28_00:40:56,23.0,0.0,4000.0,73.3,2.8,766.86,2265.31,1.0
17-10-28_00:40:56,23.0,0.0,4000.0,73.3,2.8,766.86,2265.31,1.0
17-10-28_00:40:56,23.0,0.0,4000.0,73.3,2.8,766.86,2265.31,1.0
17-10-28_00:40:56,23.0,0.0,4000.0,73.3,2.8,766.86,2265.31,1.0
17-10-28_00:40:56,23.0,0.0,4000.0,73.3,2.8,766.86,2265.31,1.0
17-10-28_00:40:56,23.0,0.0,4000.0,73.3,2.8,766.86,2265.31,1.0
17-10-28_00:40:56,23.0,0.0,4000.0,73.3,2.8,766.86,2265.31,1.0
17-10-28_00:40:56,23.0,0.0,4000.0,73.3,2.8,766.86,2265.31,1.0
17-10-28_00:40:56,23.0,0.0,4000.0,73.3,2.8,766.86,2265.31,1.0
17-10-28_00:40:56,23.0,0.0,4000.0,73.3,2.8,766.86,2265.31,1.0
17-10-28_00:40:56,23.0,0.0,4000.0,73.3,2.8,766.86,2265.31,1.0
17-10-28_00:40:56,23.0,0.0,4000.0,73.3,2.8,766.86,2265.31,1.0
17-10-28_00:40:56,23.0,0.0,4000.0,73.3,2.8,766.86,2265.31,1.0
17-10-28_00:40:56,23.0,0.0,4000.0,73.3,2.8,766.86,2265.31,1.0
17-10-28_00:40:56,23.0,0.0,4000.0,73.3,2.8,766.86,2265.31,1.0
17-10-28_00:40:56,23.0,0.0,4000.0,73.3,2.8,766.86,2265.31,1.0
17-10-28_00:40:56,23.0,0.0,4000.0,73.3,2.8,766.86,2265.31,1.0
17-10-28_00:40:56,23.0,0.0,4000.0,73.3,2.8,766.86,2265.31,1.0
17-10-28_00:40:56,23.0,0.0,4000.0,73.3,2.8,766.86,2265.31,1.0
17-10-28_00:40:56,23.0,0.0,4000.0,73.3,2.8,766.86,2265.31,1.0
17-10-28_00:40:56,23.0,0.0,4000.0,73.3,2.8,766.86,2265.31,1.0
17-10-28_00:40:56,23.0,0.0,4000.0,73.3,2.8,766.86,2265.31,1.0
17-10-28_00:40:56,23.0,0.0,909.1,73.3,2.8,766.86,2265.31,1.0
17-10-28_00:40:56,23.0,0.0,909.1,73.3,2.8,766.86,2265.31,1.0
17-10-28_00:40:56,23.0,0.0,909.1,73.3,2.8,766.86,2265.31,1.0
17-10-28_00:40:56,23.0,0.0,909.1,73.3,2.8,766.86,2265.31,1.0
17-10-28_00:40:56,23.0,0.0,909.1,73.3,2.8,766.86,2265.31,1.0
17-10-28_00:40:56,23.0,0.0,909.1,73.3,2.8,766.86,2265.31,1.0
17-10-28_00:40:56,23.0,0.0,909.1,73.3,2.8,766.86,2265.31,1.0
17-10-28_00:40:56,23.0,0.0,909.1,73.3,2.8,766.86,2265.31,1.0
17-10-28_00:40:56,23.0,0.0,909.1,73.3,2.8,766.86,2265.31,1.0
17-10-28_00:40:56,23.0,0.0,909.1,73.3,2.8,766.86,2265.31,1.0
17-10-28_00:40:56,23.0,0.0,909.1,73.3,2.8,766.86,2265.31,1.0
17-10-28_00:40:56,23.0,0.0,909.1,73.3,2.8,766.86,2265.31,1.0
17-10-28_00:40:56,23.0,0.0,909.1,73.3,2.8,766.86,2265.31,1.0
17-10-28_00:40:56,23.0,0.0,909.1,73.3,2.8,766.86,2265.31,1.0
17-10-28_00:40:56,23.0,0.0,909.1,73.3,2.8,766.86,2265.31,1.0
17-10-28_00:40:56,23.0,0.0,909.1,73.3,2.8,766.86,2265.31,1.0
17-10-28_00:40:56,23.0,0.0,164.4,73.3,2.8,766.86,2265.31,1.0
17-10-28_00:40:56,23.0,0.0,164.4,73.3,2.8,766.86,2265.31,1.0
17-10-28_00:40:56,23.0,0.0,164.4,73.3,2.8,766.86,2265.31,1.0
17-10-28_00:40:56,23.0,0.0,164.4,73.3,2.8,766.86,2265.31,1.0
17-10-28_00:40:56,23.0,0.0,164.4,73.3,2.8,766.86,2265.31,1.0
17-10-28_00:40:56,23.0,0.0,164.4,73.3,2.8,766.86,2265.31,1.0
17-10-28_00:40:56,23.0,0.0,164.4,73.3,2.8,766.86,2265.31,1.0
17-10-28_00:40:56,23.0,0.0,164.4,73.3,2.8,766.86,2265.31,1.0
17-10-28_00:40:56,23.0,0.0,164.4,73.3,2.8,766.86,2265.31,1.0
17-10-28_00:40:56,23.0,0.0,164.4,73.3,2.8,766.86,2265.31,1.0
17-10-28_00:40:56,23.0,0.0,164.4,73.3,2.8,766.86,2265.31,1.0
17-10-28_00:40:56,23.0,0.0,164.4,73.3,2.8,766.86,2265.31,1.0
17-10-28_00:40:56,23.0,0.0,164.4,73.3,2.8,766.86,2265.31,1.0
17-10-28_00:40:56,23.0,0.0,164.4,73.3,2.8,766.86,2265.31,1.0
17-10-28_00:40:56,23.0,0.0,164.4,73.3,2.8,766.86,2265.31,1.0
17-10-28_00:40:56,23.0,0.0,164.4,73.3,2.8,766.86,2265.31,1.0
17-10-28_00:40:56,23.0,0.0,3.3,73.3,2.8,766.86,2265.31,1.0
17-10-28_00:40:56,23.0,0.0,3.3,73.3,2.8,766.86,2265.31,1.0
17-10-28_00:40:56,23.0,0.0,3.3,73.3,2.8,766.86,2265.31,1.0
17-10-28_00:40:56,23.0,0.0,3.3,73.3,2.8,766.86,2265.31,1.0
17-10-28_00:40:56,23.0,0.0,3.3,73.3,2.8,766.86,2265.31,1.0
17-10-28_00:40:56,23.0,0.0,3.3,73.3,2.8,766.86,2265.31,1.0
17-10-28_00:40:56,23.0,0.0,3.3,73.3,2.8,766.86,2265.31,1.0
17-10-28_00:40:56,23.0,0.0,3.3,73.3,2.8,766.86,2265.31,1.0
17-10-28_00:40:56,23.0,0.0,3.3,73.3,2.8,766.86,2265.31,1.0
17-10-28_00:40:56,23.0,0.0,3.3,73.3,2.8,766.86,2265.31,1.0
17-10-28_00:40:56,23.0,0.0,3.3,73.3,2.8,766.86,2265.31,1.0
17-10-28_00:40:56,23.0,0.0,3.3,73.3,2.8,766.86,2265.31,1.0
17-10-28_00:40:56,23.0,0.0,3.3,73.3,2.8,766.86,2265.31,1.0
17-10-28_00:40:56,23.0,0.0,3.3,73.3,2.8,766.86,2265.31,1.0
17-10-28_00:40:56,23.0,0.0,3.3,73.3,2.8,766.86,2265.31,1.0
17-10-28_00:40:56,23.0,0.0,3.3,73.3,2.8,766.86,2265.31,1.0
17-10-28_00:40:56,23.0,0.0,3.3,73.3,2.8,766.86,2265.31,1.0
17-10-28_00:40:56,23.0,0.0,3.3,73.3,2.8,766.86,2265.31,1.0
17-10-28_00:40:56,23.0,0.0,3.3,73.3,2.8,766.86,2265.31,1.0
17-10-28_00:40:56,23.0,0.0,3.3,73.3,2.8,766.86,2265.31,1.0
17-10-28_00:40:56,23.0,0.0,3.3,73.3,2.8,766.86,2265.31,1.0
17-10-28_00:40:56,23.0,0.0,3.3,73.3,2.8,766.86,2265.31,1.0
17-10-28_00:40:56,23.0,0.0,3.3,73.3,2.8,766.86,2265.31,1.0
17-10-28_00:40:56,23.0,0.0,3.3,73.3,2.8,766.86,2265.31,1.0
17-10-28_00:40:56,23.0,0.0,3.3,73.3,2.8,766.86,2265.31,1.0
17-10-28_00:40:56,23.0,0.0,3.3,73.3,2.8,766.86,2265.31,1.0
17-10-28_00:40:56,23.0,0.0,3.3,73.3,2.8,766.86,2265.31,1.0
17-10-28_00:40:56,23.0,0.0,3.3,73.3,2.8,766.86,2265.31,1.0
17-10-28_00:40:56,23.0,0.0,3.3,73.3,2.8,766.86,2265.31,1.0
17-10-28_00:40:56,23.0,0.0,3.3,73.3,2.8,766.86,2265.31,1.0
17-10-28_00:40:56,23.0,0.0,3.3,73.3,2.8,766.86,2265.31,1.0
17-10-28_00:40:56,23.0,0.0,3.3,73.3,2.8,766.86,2265.31,1.0
17-10-28_00:40:56,23.0,0.0,3.3,73.3,2.8,766.86,2265.31,1.0
17-10-28_00:40:56,23.0,0.0,3.3,73.3,2.8,766.86,2265.31,1.0
17-10-28_00:40:56,23.0,0.0,3.3,73.3,2.8,766.86,2265.31,1.0
17-10-28_00:40:56,23.0,0.0,3.3,73.3,2.8,766.86,2265.31,1.0
17-10-28_00:40:56,23.0,0.0,3.3,73.3,2.8,766.86,2265.31,1.0
17-10-28_00:40:56,23.0,0.0,3.3,73.3,2.8,766.86,2265.31,1.0
17-10-28_00:40:56,23.0,0.0,3.3,73.3,2.8,766.86,2265.31,1.0
17-10-28_00:40:56,23.0,0.0,3.3,73.3,2.8,766.86,2265.31,1.0
17-10-28_00:40:56,23.0,0.0,3.3,73.3,2.8,766.86,2265.31,1.0
17-10-28_00:40:56,23.0,0.0,3.3,73.3,2.8,766.86,2265.31,1.0
17-10-28_00:40:56,23.0,0.0,3.3,73.3,2.8,766.86,2265.31,1.0
17-10-28_00:40:56,23.0,0.0,3.3,73.3,2.8,766.86,2265.31,1.0
17-10-28_00:40:56,23.0,0.0,3.3,73.3,2.8,766.86,2265.31,1.0
17-10-28_00:40:56,23.0,0.0,3.3,73.3,2.8,766.86,2265.31,1.0
17-10-28_00:40:56,23.0,0.0,3.3,73.3,2.8,766.86,2265.31,1.0
17-10-28_00:40:56,23.0,0.0,3.3,73.3,2.8,766.86,2265.31,1.0
17-10-28_00:40:56,23.0,0.0,3000.0,73.3,2.8,766.86,2265.31,1.0
17-10-28_00:40:56,23.0,0.0,3000.0,73.3,2.8,766.86,2265.31,1.0
17-10-28_00:40:56,23.0,0.0,3000.0,73.3,2.8,766.86,2265.31,1.0
17-10-28_00:40:56,23.0,0.0,3000.0,73.3,2.8,766.86,2265.31,1.0
17-10-28_00:40:56,23.0,0.0,3000.0,73.3,2.8,766.86,2265.31,1.0
17-10-28_00:40:56,23.0,0.0,3000.0,73.3,2.8,766.86,2265.31,1.0
17-10-28_00:40:56,23.0,0.0,3000.0,73.3,2.8,766.86,2265.31,1.0
17-10-28_00:40:56,23.0,0.0,3000.0,73.3,2.8,766.86,2265.31,1.0
17-10-28_00:40:56,23.0,0.0,3000.0,73.3,2.8,766.86,2265.31,1.0
17-10-28_00:40:56,23.0,0.0,3000.0,73.3,2.8,766.86,2265.31,1.0
17-10-28_00:40:56,23.0,0.0,3000.0,73.3,2.8,766.86,2265.31,1.0
17-10-28_00:40:56,23.0,0.0,3000.0,73.3,2.8,766.86,2265.31,1.0
17-10-28_00:40:56,23.0,0.0,3000.0,73.3,2.8,766.86,2265.31,1.0
17-10-28_00:40:56,23.0,0.0,3000.0,73.3,2.8,766.86,2265.31,1.0
17-10-28_00:40:56,23.0,0.0,3000.0,73.3,2.8,766.86,2265.31,1.0
17-10-28_00:40:56,23.0,0.0,3000.0,73.3,2.8,766.86,2265.31,1.0
17-10-28_00:40:56,23.0,0.0,3000.0,73.3,2.8,766.86,2265.31,1.0
17-10-28_00:40:56,23.0,0.0,3000.0,73.3,2.8,766.86,2265.31,1.0
17-10-28_00:40:56,23.0,0.0,3000.0,73.3,2.8,766.86,2265.31,1.0
17-10-28_00:40:56,23.0,0.0,3000.0,73.3,2.8,766.86,2265.31,1.0
17-10-28_00:40:56,23.0,0.0,3000.0,73.3,2.8,766.86,2265.31,1.0
17-10-28_00:40:56,23.0,0.0,3000.0,73.3,2.8,766.86,2265.31,1.0
17-10-28_00:40:56,23.0,0.0,3000.0,73.3,2.8,766.86,2265.31,1.0
17-10-28_00:40:56,23.0,0.0,3000.0,73.3,2.8,766.86,2265.31,1.0
17-10-28_00:40:56,23.0,0.0,3000.0,73.3,2.8,766.86,2265.31,1.0
17-10-28_00:40:56,23.0,0.0,3000.0,73.3,2.8,766.86,2265.31,1.0
17-10-28_00:40:56,23.0,0.0,3000.0,73.3,2.8,766.86,2265.31,1.0
17-10-28_00:40:56,23.0,0.0,3000.0,73.3,2.8,766.86,2265.31,1.0
17-10-28_00:40:56,23.0,0.0,3000.0,73.3,2.8,766.86,2265.31,1.0
17-10-28_00:40:56,23.0,0.0,3000.0,73.3,2.8,766.86,2265.31,1.0
17-10-28_00:40:56,23.0,0.0,3000.0,73.3,2.8,766.86,2265.31,1.0
17-10-28_00:40:56,23.0,0.0,3000.0,73.3,2.8,766.86,2265.31,1.0
17-10-28_00:40:56,23.0,0.0,3.4,73.3,2.8,766.86,2265.31,1.0
17-10-28_00:40:56,23.0,0.0,3.4,73.3,2.8,766.86,2265.31,1.0
17-10-28_00:40:56,23.0,0.0,3.4,73.3,2.8,766.86,2265.31,1.0
17-10-28_00:40:56,23.0,0.0,3.4,73.3,2.8,766.86,2265.31,1.0
17-10-28_00:40:56,23.0,0.0,3.4,73.3,2.8,766.86,2265.31,1.0
17-10-28_00:40:56,23.0,0.0,3.4,73.3,2.8,766.86,2265.31,1.0
17-10-28_00:40:56,23.0,0.0,3.4,73.3,2.8,766.86,2265.31,1.0
17-10-28_00:40:56,23.0,0.0,3.4,73.3,2.8,766.86,2265.31,1.0
17-10-28_00:40:56,23.0,0.0,3.4,73.3,2.8,766.86,2265.31,1.0
17-10-28_00:40:56,23.0,0.0,3.4,73.3,2.8,766.86,2265.31,1.0
17-10-28_00:40:56,23.0,0.0,3.4,73.3,2.8,766.86,2265.31,1.0
17-10-28_00:40:56,23.0,0.0,3.4,73.3,2.8,766.86,2265.31,1.0
17-10-28_00:40:56,23.0,0.0,3.4,73.3,2.8,766.86,2265.31,1.0
17-10-28_00:40:56,23.0,0.0,3.4,73.3,2.8,766.86,2265.31,1.0
17-10-28_00:40:56,23.0,0.0,3.4,73.3,2.8,766.86,2265.31,1.0
17-10-28_00:40:56,23.0,0.0,3.4,73.3,2.8,766.86,2265.31,1.0
17-10-28_00:40:56,23.0,0.0,3.4,73.3,2.8,766.86,2265.31,1.0
17-10-28_00:40:56,23.0,0.0,3.4,73.3,2.8,766.86,2265.31,1.0
17-10-28_00:40:56,23.0,0.0,3.4,73.3,2.8,766.86,2265.31,1.0
17-10-28_00:40:56,23.0,0.0,3.4,73.3,2.8,766.86,2265.31,1.0
17-10-28_00:40:56,23.0,0.0,3.4,73.3,2.8,766.86,2265.31,1.0
17-10-28_00:40:56,23.0,0.0,3.4,73.3,2.8,766.86,2265.31,1.0
17-10-28_00:40:56,23.0,0.0,3.4,73.3,2.8,766.86,2265.31,1.0
17-10-28_00:40:56,23.0,0.0,3.4,73.3,2.8,766.86,2265.31,1.0
17-10-28_00:40:56,23.0,0.0,3.4,73.3,2.8,766.86,2265.31,1.0
17-10-28_00:40:56,23.0,0.0,3.4,73.3,2.8,766.86,2265.31,1.0
17-10-28_00:40:56,23.0,0.0,3.4,73.3,2.8,766.86,2265.31,1.0
17-10-28_00:40:56,23.0,0.0,3.4,73.3,2.8,766.86,2265.31,1.0
17-10-28_00:40:56,23.0,0.0,3.4,73.3,2.8,766.86,2265.31,1.0
17-10-28_00:40:56,23.0,0.0,3.4,73.3,2.8,766.86,2265.31,1.0
17-10-28_00:40:56,23.0,0.0,3.4,73.3,2.8,766.86,2265.31,1.0
17-10-28_00:40:56,23.0,0.0,3.4,73.3,2.8,766.86,2265.31,1.0
17-10-28_00:40:56,23.0,0.0,100400.0,73.3,2.8,766.86,2265.31,1.0
17-10-28_00:40:56,23.0,0.0,100400.0,73.3,2.8,766.86,2265.31,1.0
17-10-28_00:40:56,23.0,0.0,100400.0,73.3,2.8,766.86,2265.31,1.0
17-10-28_00:40:56,23.0,0.0,100400.0,73.3,2.8,766.86,2265.31,1.0
17-10-28_00:40:56,23.0,0.0,100400.0,73.3,2.8,766.86,2265.31,1.0
17-10-28_00:40:56,23.0,0.0,100400.0,73.3,2.8,766.86,2265.31,1.0
17-10-28_00:40:56,23.0,0.0,100400.0,73.3,2.8,766.86,2265.31,1.0
17-10-28_00:40:56,23.0,0.0,100400.0,73.3,2.8,766.86,2265.31,1.0
17-10-28_00:40:56,23.0,0.0,100400.0,73.3,2.8,766.86,2265.31,1.0
17-10-28_00:40:56,23.0,0.0,100400.0,73.3,2.8,766.86,2265.31,1.0
17-10-28_00:40:56,23.0,0.0,100400.0,73.3,2.8,766.86,2265.31,1.0
17-10-28_00:40:56,23.0,0.0,100400.0,73.3,2.8,766.86,2265.31,1.0
17-10-28_00:40:56,23.0,0.0,100400.0,73.3,2.8,766.86,2265.31,1.0
17-10-28_00:40:56,23.0,0.0,100400.0,73.3,2.8,766.86,2265.31,1.0
17-10-28_00:40:56,23.0,0.0,100400.0,73.3,2.8,766.86,2265.31,1.0
17-10-28_00:40:56,23.0,0.0,100400.0,73.3,2.8,766.86,2265.31,1.0
17-10-28_00:40:56,23.0,0.0,4000.0,73.3,2.8,766.86,2265.31,1.0
17-10-28_00:40:56,23.0,0.0,4000.0,73.3,2.8,766.86,2265.31,1.0
17-10-28_00:40:56,23.0,0.0,4000.0,73.3,2.8,766.86,2265.31,1.0
17-10-28_00:40:56,23.0,0.0,4000.0,73.3,2.8,766.86,2265.31,1.0
17-10-28_00:40:56,23.0,0.0,4000.0,73.3,2.8,766.86,2265.31,1.0
17-10-28_00:40:56,23.0,0.0,4000.0,73.3,2.8,766.86,2265.31,1.0
17-10-28_00:40:56,23.0,0.0,4000.0,73.3,2.8,766.86,2265.31,1.0
17-10-28_00:40:56,23.0,0.0,4000.0,73.3,2.8,766.86,2265.31,1.0
17-10-28_00:40:56,23.0,0.0,4000.0,73.3,2.8,766.86,2265.31,1.0
17-10-28_00:40:56,23.0,0.0,4000.0,73.3,2.8,766.86,2265.31,1.0
17-10-28_00:40:56,23.0,0.0,4000.0,73.3,2.8,766.86,2265.31,1.0
17-10-28_00:40:56,23.0,0.0,4000.0,73.3,2.8,766.86,2265.31,1.0
17-10-28_00:40:56,23.0,0.0,4000.0,73.3,2.8,766.86,2265.31,1.0
17-10-28_00:40:56,23.0,0.0,4000.0,73.3,2.8,766.86,2265.31,1.0
17-10-28_00:40:56,23.0,0.0,4000.0,73.3,2.8,766.86,2265.31,1.0
17-10-28_00:40:56,23.0,0.0,4000.0,73.3,2.8,766.86,2265.31,1.0
17-10-28_00:40:56,23.0,0.0,909.1,73.3,2.8,766.86,2265.31,1.0
17-10-28_00:40:56,23.0,0.0,909.1,73.3,2.8,766.86,2265.31,1.0
17-10-28_00:40:56,23.0,0.0,909.1,73.3,2.8,766.86,2265.31,1.0
17-10-28_00:40:56,23.0,0.0,909.1,73.3,2.8,766.86,2265.31,1.0
17-10-28_00:40:56,23.0,0.0,909.1,73.3,2.8,766.86,2265.31,1.0
17-10-28_00:40:56,23.0,0.0,909.1,73.3,2.8,766.86,2265.31,1.0
17-10-28_00:40:56,23.0,0.0,909.1,73.3,2.8,766.86,2265.31,1.0
17-10-28_00:40:56,23.0,0.0,909.1,73.3,2.8,766.86,2265.31,1.0
17-10-28_00:40:56,23.0,0.0,909.1,73.3,2.8,766.86,2265.31,1.0
17-10-28_00:40:56,23.0,0.0,909.1,73.3,2.8,766.86,2265.31,1.0
17-10-28_00:40:56,23.0,0.0,909.1,73.3,2.8,766.86,2265.31,1.0
17-10-28_00:40:56,23.0,0.0,909.1,73.3,2.8,766.86,2265.31,1.0
17-10-28_00:40:56,23.0,0.0,909.1,73.3,2.8,766.86,2265.31,1.0
17-10-28_00:40:56,23.0,0.0,909.1,73.3,2.8,766.86,2265.31,1.0
17-10-28_00:40:56,23.0,0.0,909.1,73.3,2.8,766.86,2265.31,1.0
17-10-28_00:40:56,23.0,0.0,909.1,73.3,2.8,766.86,2265.31,1.0
17-10-28_00:40:56,23.0,0.0,4000.0,73.3,2.8,766.86,2265.31,1.0
17-10-28_00:40:56,23.0,0.0,4000.0,73.3,2.8,766.86,2265.31,1.0
17-10-28_00:40:56,23.0,0.0,4000.0,73.3,2.8,766.86,2265.31,1.0
17-10-28_00:40:56,23.0,0.0,4000.0,73.3,2.8,766.86,2265.31,1.0
17-10-28_00:40:56,23.0,0.0,4000.0,73.3,2.8,766.86,2265.31,1.0
17-10-28_00:40:56,23.0,0.0,4000.0,73.3,2.8,766.86,2265.31,1.0
17-10-28_00:40:56,23.0,0.0,4000.0,73.3,2.8,766.86,2265.31,1.0
17-10-28_00:40:56,23.0,0.0,4000.0,73.3,2.8,766.86,2265.31,1.0
17-10-28_00:40:56,23.0,0.0,4000.0,73.3,2.8,766.86,2265.31,1.0
17-10-28_00:40:56,23.0,0.0,4000.0,73.3,2.8,766.86,2265.31,1.0
17-10-28_00:40:56,23.0,0.0,4000.0,73.3,2.8,766.86,2265.31,1.0
17-10-28_00:40:56,23.0,0.0,4000.0,73.3,2.8,766.86,2265.31,1.0
17-10-28_00:40:56,23.0,0.0,4000.0,73.3,2.8,766.86,2265.31,1.0
17-10-28_00:40:56,23.0,0.0,4000.0,73.3,2.8,766.86,2265.31,1.0
17-10-28_00:40:56,23.0,0.0,4000.0,73.3,2.8,766.86,2265.31,1.0
17-10-28_00:40:56,23.0,0.0,4000.0,73.3,2.8,766.86,2265.31,1.0
17-10-28_00:40:56,23.0,0.0,4000.0,73.3,2.8,766.86,2265.31,1.0
17-10-28_00:40:56,23.0,0.0,4000.0,73.3,2.8,766.86,2265.31,1.0
17-10-28_00:40:56,23.0,0.0,4000.0,73.3,2.8,766.86,2265.31,1.0
17-10-28_00:40:56,23.0,0.0,4000.0,73.3,2.8,766.86,2265.31,1.0
17-10-28_00:40:56,23.0,0.0,4000.0,73.3,2.8,766.86,2265.31,1.0
17-10-28_00:40:56,23.0,0.0,4000.0,73.3,2.8,766.86,2265.31,1.0
17-10-28_00:40:56,23.0,0.0,4000.0,73.3,2.8,766.86,2265.31,1.0
17-10-28_00:40:56,23.0,0.0,4000.0,73.3,2.8,766.86,2265.31,1.0
17-10-28_00:40:56,23.0,0.0,4000.0,73.3,2.8,766.86,2265.31,1.0
17-10-28_00:40:56,23.0,0.0,4000.0,73.3,2.8,766.86,2265.31,1.0
17-10-28_00:40:56,23.0,0.0,4000.0,73.3,2.8,766.86,2265.31,1.0
17-10-28_00:40:56,23.0,0.0,4000.0,73.3,2.8,766.86,2265.31,1.0
17-10-28_00:40:56,23.0,0.0,4000.0,73.3,2.8,766.86,2265.31,1.0
17-10-28_00:40:56,23.0,0.0,4000.0,73.3,2.8,766.86,2265.31,1.0
17-10-28_00:40:56,23.0,0.0,4000.0,73.3,2.8,766.86,2265.31,1.0
17-10-28_00:40:56,23.0,0.0,4000.0,73.3,2.8,766.86,2265.31,1.0
17-10-28_00:40:56,23.0,0.0,4000.0,73.3,2.8,766.86,2265.31,1.0
17-10-28_00:40:56,23.0,0.0,4000.0,73.3,2.8,766.86,2265.31,1.0
17-10-28_00:40:56,23.0,0.0,4000.0,73.3,2.8,766.86,2265.31,1.0
17-10-28_00:40:56,23.0,0.0,4000.0,73.3,2.8,766.86,2265.31,1.0
17-10-28_00:40:56,23.0,0.0,4000.0,73.3,2.8,766.86,2265.31,1.0
17-10-28_00:40:56,23.0,0.0,4000.0,73.3,2.8,766.86,2265.31,1.0
17-10-28_00:40:56,23.0,0.0,4000.0,73.3,2.8,766.86,2265.31,1.0
17-10-28_00:40:56,23.0,0.0,4000.0,73.3,2.8,766.86,2265.31,1.0
17-10-28_00:40:56,23.0,0.0,4000.0,73.3,2.8,766.86,2265.31,1.0
17-10-28_00:40:56,23.0,0.0,4000.0,73.3,2.8,766.86,2265.31,1.0
17-10-28_00:40:56,23.0,0.0,4000.0,73.3,2.8,766.86,2265.31,1.0
17-10-28_00:40:56,23.0,0.0,4000.0,73.3,2.8,766.86,2265.31,1.0
17-10-28_00:40:56,23.0,0.0,4000.0,73.3,2.8,766.86,2265.31,1.0
17-10-28_00:40:56,23.0,0.0,4000.0,73.3,2.8,766.86,2265.31,1.0
17-10-28_00:40:56,23.0,0.0,4000.0,73.3,2.8,766.86,2265.31,1.0
17-10-28_00:40:56,23.0,0.0,4000.0,73.3,2.8,766.86,2265.31,1.0
17-10-28_00:40:56,23.0,0.0,4000.0,73.3,2.8,766.86,2265.31,1.0
17-10-28_00:40:56,23.0,0.0,4000.0,73.3,2.8,766.86,2265.31,1.0
17-10-28_00:40:56,23.0,0.0,4000.0,73.3,2.8,766.86,2265.31,1.0
17-10-28_00:40:56,23.0,0.0,4000.0,73.3,2.8,766.86,2265.31,1.0
17-10-28_00:40:56,23.0,0.0,4000.0,73.3,2.8,766.86,2265.31,1.0
17-10-28_00:40:56,23.0,0.0,4000.0,73.3,2.8,766.86,2265.31,1.0
17-10-28_00:40:56,23.0,0.0,4000.0,73.3,2.8,766.86,2265.31,1.0
17-10-28_00:40:56,23.0,0.0,4000.0,73.3,2.8,766.86,2265.31,1.0
17-10-28_00:40:56,23.0,0.0,4000.0,73.3,2.8,766.86,2265.31,1.0
17-10-28_00:40:56,23.0,0.0,4000.0,73.3,2.8,766.86,2265.31,1.0
17-10-28_00:40:56,23.0,0.0,4000.0,73.3,2.8,766.86,2265.31,1.0
17-10-28_00:40:56,23.0,0.0,4000.0,73.3,2.8,766.86,2265.31,1.0
17-10-28_00:40:56,23.0,0.0,4000.0,73.3,2.8,766.86,2265.31,1.0
17-10-28_00:40:56,23.0,0.0,4000.0,73.3,2.8,766.86,2265.31,1.0
17-10-28_00:40:56,23.0,0.0,4000.0,73.3,2.8,766.86,2265.31,1.0
17-10-28_00:40:56,23.0,0.0,4000.0,73.3,2.8,766.86,2265.31,1.0
17-10-28_00:40:56,23.0,0.0,4000.0,73.3,2.8,766.86,2265.31,1.0
17-10-28_00:40:56,23.0,0.0,4000.0,73.3,2.8,766.86,2265.31,1.0
17-10-28_00:40:56,23.0,0.0,4000.0,73.3,2.8,766.86,2265.31,1.0
17-10-28_00:40:56,23.0,0.0,4000.0,73.3,2.8,766.86,2265.31,1.0
17-10-28_00:40:56,23.0,0.0,4000.0,73.3,2.8,766.86,2265.31,1.0
17-10-28_00:40:56,23.0,0.0,4000.0,73.3,2.8,766.86,2265.31,1.0
17-10-28_00:40:56,23.0,0.0,4000.0,73.3,2.8,766.86,2265.31,1.0
17-10-28_00:40:56,23.0,0.0,4000.0,73.3,2.8,766.86,2265.31,1.0
17-10-28_00:40:56,23.0,0.0,4000.0,73.3,2.8,766.86,2265.31,1.0
17-10-28_00:40:56,23.0,0.0,4000.0,73.3,2.8,766.86,2265.31,1.0
17-10-28_00:40:56,23.0,0.0,4000.0,73.3,2.8,766.86,2265.31,1.0
17-10-28_00:40:56,23.0,0.0,4000.0,73.3,2.8,766.86,2265.31,1.0
17-10-28_00:40:56,23.0,0.0,4000.0,73.3,2.8,766.86,2265.31,1.0
17-10-28_00:40:56,23.0,0.0,4000.0,73.3,2.8,766.86,2265.31,1.0
17-10-28_00:40:56,23.0,0.0,4000.0,73.3,2.8,766.86,2265.31,1.0
17-10-28_00:40:56,23.0,0.0,4000.0,73.3,2.8,766.86,2265.31,1.0
17-10-28_00:40:56,23.0,0.0,4000.0,73.3,2.8,766.86,2265.31,1.0
17-10-28_00:40:56,23.0,0.0,4000.0,73.3,2.8,766.86,2265.31,1.0
17-10-28_00:40:56,23.0,0.0,4000.0,73.3,2.8,766.86,2265.31,1.0
17-10-28_00:40:56,23.0,0.0,4000.0,73.3,2.8,766.86,2265.31,1.0
17-10-28_00:40:56,23.0,0.0,4000.0,73.3,2.8,766.86,2265.31,1.0
17-10-28_00:40:56,23.0,0.0,4000.0,73.3,2.8,766.86,2265.31,1.0
17-10-28_00:40:56,23.0,0.0,4000.0,73.3,2.8,766.86,2265.31,1.0
17-10-28_00:40:56,23.0,0.0,4000.0,73.3,2.8,766.86,2265.31,1.0
17-10-28_00:40:56,23.0,0.0,4000.0,73.3,2.8,766.86,2265.31,1.0
17-10-28_00:40:56,23.0,0.0,4000.0,73.3,2.8,766.86,2265.31,1.0
17-10-28_00:40:56,23.0,0.0,4000.0,73.3,2.8,766.86,2265.31,1.0
17-10-28_00:40:56,23.0,0.0,4000.0,73.3,2.8,766.86,2265.31,1.0
17-10-28_00:40:56,23.0,0.0,4000.0,73.3,2.8,766.86,2265.31,1.0
17-10-28_00:40:56,23.0,0.0,4000.0,73.3,2.8,766.86,2265.31,1.0
17-10-28_00:40:56,23.0,0.0,4000.0,73.3,2.8,766.86,2265.31,1.0
17-10-28_00:40:56,23.0,0.0,4000.0,73.3,2.8,766.86,2265.31,1.0
17-10-28_00:40:56,23.0,0.0,4000.0,73.3,2.8,766.86,2265.31,1.0
17-10-28_00:40:56,23.0,0.0,4000.0,73.3,2.8,766.86,2265.31,1.0
17-10-28_00:40:56,23.0,0.0,4000.0,73.3,2.8,766.86,2265.31,1.0
17-10-28_00:40:56,23.0,0.0,4000.0,73.3,2.8,766.86,2265.31,1.0
17-10-28_00:40:56,23.0,0.0,4000.0,73.3,2.8,766.86,2265.31,1.0
17-10-28_00:40:56,23.0,0.0,4000.0,73.3,2.8,766.86,2265.31,1.0
17-10-28_00:40:56,23.0,0.0,4000.0,73.3,2.8,766.86,2265.31,1.0
17-10-28_00:40:56,23.0,0.0,4000.0,73.3,2.8,766.86,2265.31,1.0
17-10-28_00:40:56,23.0,0.0,4000.0,73.3,2.8,766.86,2265.31,1.0
17-10-28_00:40:56,23.0,0.0,4000.0,73.3,2.8,766.86,2265.31,1.0
17-10-28_00:40:56,23.0,0.0,4000.0,73.3,2.8,766.86,2265.31,1.0
17-10-28_00:40:56,23.0,0.0,4000.0,73.3,2.8,766.86,2265.31,1.0
17-10-28_00:40:56,23.0,0.0,4000.0,73.3,2.8,766.86,2265.31,1.0
17-10-28_00:40:56,23.0,0.0,4000.0,73.3,2.8,766.86,2265.31,1.0
17-10-28_00:40:56,23.0,0.0,4000.0,73.3,2.8,766.86,2265.31,1.0
17-10-28_00:40:56,23.0,0.0,4000.0,73.3,2.8,766.86,2265.31,1.0
17-10-28_00:40:56,23.0,0.0,2.6,73.3,2.8,766.86,2265.31,1.0
17-10-28_00:40:56,23.0,0.0,2.6,73.3,2.8,766.86,2265.31,1.0
17-10-28_00:40:56,23.0,0.0,2.6,73.3,2.8,766.86,2265.31,1.0
17-10-28_00:40:56,23.0,0.0,2.6,73.3,2.8,766.86,2265.31,1.0
17-10-28_00:40:56,23.0,0.0,2.6,73.3,2.8,766.86,2265.31,1.0
17-10-28_00:40:56,23.0,0.0,2.6,73.3,2.8,766.86,2265.31,1.0
17-10-28_00:40:56,23.0,0.0,2.6,73.3,2.8,766.86,2265.31,1.0
17-10-28_00:40:56,23.0,0.0,2.6,73.3,2.8,766.86,2265.31,1.0
17-10-28_00:40:56,23.0,0.0,2.6,73.3,2.8,766.86,2265.31,1.0
17-10-28_00:40:56,23.0,0.0,2.6,73.3,2.8,766.86,2265.31,1.0
17-10-28_00:40:56,23.0,0.0,2.6,73.3,2.8,766.86,2265.31,1.0
17-10-28_00:40:56,23.0,0.0,2.6,73.3,2.8,766.86,2265.31,1.0
17-10-28_00:40:56,23.0,0.0,2.6,73.3,2.8,766.86,2265.31,1.0
17-10-28_00:40:56,23.0,0.0,2.6,73.3,2.8,766.86,2265.31,1.0
17-10-28_00:40:56,23.0,0.0,2.6,73.3,2.8,766.86,2265.31,1.0
17-10-28_00:40:56,23.0,0.0,2.6,73.3,2.8,766.86,2265.31,1.0
17-10-28_00:40:56,23.0,0.0,2.6,73.3,2.8,766.86,2265.31,1.0
17-10-28_00:40:56,23.0,0.0,2.6,73.3,2.8,766.86,2265.31,1.0
17-10-28_00:40:56,23.0,0.0,2.6,73.3,2.8,766.86,2265.31,1.0
17-10-28_00:40:56,23.0,0.0,2.6,73.3,2.8,766.86,2265.31,1.0
17-10-28_00:40:56,23.0,0.0,2.6,73.3,2.8,766.86,2265.31,1.0
17-10-28_00:40:56,23.0,0.0,2.6,73.3,2.8,766.86,2265.31,1.0
17-10-28_00:40:56,23.0,0.0,2.6,73.3,2.8,766.86,2265.31,1.0
17-10-28_00:40:56,23.0,0.0,2.6,73.3,2.8,766.86,2265.31,1.0
17-10-28_00:40:56,23.0,0.0,2.6,73.3,2.8,766.86,2265.31,1.0
17-10-28_00:40:56,23.0,0.0,2.6,73.3,2.8,766.86,2265.31,1.0
17-10-28_00:40:56,23.0,0.0,2.6,73.3,2.8,766.86,2265.31,1.0
17-10-28_00:40:56,23.0,0.0,2.6,73.3,2.8,766.86,2265.31,1.0
17-10-28_00:40:56,23.0,0.0,2.6,73.3,2.8,766.86,2265.31,1.0
17-10-28_00:40:56,23.0,0.0,2.6,73.3,2.8,766.86,2265.31,1.0
17-10-28_00:40:56,23.0,0.0,2.6,73.3,2.8,766.86,2265.31,1.0
17-10-28_00:40:56,23.0,0.0,2.6,73.3,2.8,766.86,2265.31,1.0
17-10-28_00:40:56,23.0,0.0,2.6,73.3,2.8,766.86,2265.31,1.0
17-10-28_00:40:56,23.0,0.0,2.6,73.3,2.8,766.86,2265.31,1.0
17-10-28_00:40:56,23.0,0.0,2.6,73.3,2.8,766.86,2265.31,1.0
17-10-28_00:40:56,23.0,0.0,2.6,73.3,2.8,766.86,2265.31,1.0
17-10-28_00:40:56,23.0,0.0,2.6,73.3,2.8,766.86,2265.31,1.0
17-10-28_00:40:56,23.0,0.0,2.6,73.3,2.8,766.86,2265.31,1.0
17-10-28_00:40:56,23.0,0.0,2.6,73.3,2.8,766.86,2265.31,1.0
17-10-28_00:40:56,23.0,0.0,2.6,73.3,2.8,766.86,2265.31,1.0
17-10-28_00:40:56,23.0,0.0,2.6,73.3,2.8,766.86,2265.31,1.0
17-10-28_00:40:56,23.0,0.0,2.6,73.3,2.8,766.86,2265.31,1.0
17-10-28_00:40:56,23.0,0.0,2.6,73.3,2.8,766.86,2265.31,1.0
17-10-28_00:40:56,23.0,0.0,2.6,73.3,2.8,766.86,2265.31,1.0
17-10-28_00:40:56,23.0,0.0,2.6,73.3,2.8,766.86,2265.31,1.0
17-10-28_00:40:56,23.0,0.0,2.6,73.3,2.8,766.86,2265.31,1.0
17-10-28_00:40:56,23.0,0.0,2.6,73.3,2.8,766.86,2265.31,1.0
17-10-28_00:40:56,23.0,0.0,2.6,73.3,2.8,766.86,2265.31,1.0
17-10-28_00:40:56,23.0,0.0,164.4,73.3,2.8,766.86,2265.31,1.0
17-10-28_00:40:56,23.0,0.0,164.4,73.3,2.8,766.86,2265.31,1.0
17-10-28_00:40:56,23.0,0.0,164.4,73.3,2.8,766.86,2265.31,1.0
17-10-28_00:40:56,23.0,0.0,164.4,73.3,2.8,766.86,2265.31,1.0
17-10-28_00:40:56,23.0,0.0,164.4,73.3,2.8,766.86,2265.31,1.0
17-10-28_00:40:56,23.0,0.0,164.4,73.3,2.8,766.86,2265.31,1.0
17-10-28_00:40:56,23.0,0.0,164.4,73.3,2.8,766.86,2265.31,1.0
17-10-28_00:40:56,23.0,0.0,164.4,73.3,2.8,766.86,2265.31,1.0
17-10-28_00:40:56,23.0,0.0,164.4,73.3,2.8,766.86,2265.31,1.0
17-10-28_00:40:56,23.0,0.0,164.4,73.3,2.8,766.86,2265.31,1.0
17-10-28_00:40:56,23.0,0.0,164.4,73.3,2.8,766.86,2265.31,1.0
17-10-28_00:40:56,23.0,0.0,164.4,73.3,2.8,766.86,2265.31,1.0
17-10-28_00:40:56,23.0,0.0,164.4,73.3,2.8,766.86,2265.31,1.0
17-10-28_00:40:56,23.0,0.0,164.4,73.3,2.8,766.86,2265.31,1.0
17-10-28_00:40:56,23.0,0.0,164.4,73.3,2.8,766.86,2265.31,1.0
17-10-28_00:40:56,23.0,0.0,164.4,73.3,2.8,766.86,2265.31,1.0
17-10-28_00:40:56,23.0,0.0,3.3,73.3,2.8,766.86,2265.31,1.0
17-10-28_00:40:56,23.0,0.0,3.3,73.3,2.8,766.86,2265.31,1.0
17-10-28_00:40:56,23.0,0.0,3.3,73.3,2.8,766.86,2265.31,1.0
17-10-28_00:40:56,23.0,0.0,3.3,73.3,2.8,766.86,2265.31,1.0
17-10-28_00:40:56,23.0,0.0,3.3,73.3,2.8,766.86,2265.31,1.0
17-10-28_00:40:56,23.0,0.0,3.3,73.3,2.8,766.86,2265.31,1.0
17-10-28_00:40:56,23.0,0.0,3.3,73.3,2.8,766.86,2265.31,1.0
17-10-28_00:40:56,23.0,0.0,3.3,73.3,2.8,766.86,2265.31,1.0
17-10-28_00:40:56,23.0,0.0,3.3,73.3,2.8,766.86,2265.31,1.0
17-10-28_00:40:56,23.0,0.0,3.3,73.3,2.8,766.86,2265.31,1.0
17-10-28_00:40:56,23.0,0.0,3.3,73.3,2.8,766.86,2265.31,1.0
17-10-28_00:40:56,23.0,0.0,3.3,73.3,2.8,766.86,2265.31,1.0
17-10-28_00:40:56,23.0,0.0,3.3,73.3,2.8,766.86,2265.31,1.0
17-10-28_00:40:56,23.0,0.0,3.3,73.3,2.8,766.86,2265.31,1.0
17-10-28_00:40:56,23.0,0.0,3.3,73.3,2.8,766.86,2265.31,1.0
17-10-28_00:40:56,23.0,0.0,3.3,73.3,2.8,766.86,2265.31,1.0
17-10-28_00:40:56,23.0,0.0,3.3,73.3,2.8,766.86,2265.31,1.0
17-10-28_00:40:56,23.0,0.0,3.3,73.3,2.8,766.86,2265.31,1.0
17-10-28_00:40:56,23.0,0.0,3.3,73.3,2.8,766.86,2265.31,1.0
17-10-28_00:40:56,23.0,0.0,3.3,73.3,2.8,766.86,2265.31,1.0
17-10-28_00:40:56,23.0,0.0,3.3,73.3,2.8,766.86,2265.31,1.0
17-10-28_00:40:56,23.0,0.0,3.3,73.3,2.8,766.86,2265.31,1.0
17-10-28_00:40:56,23.0,0.0,3.3,73.3,2.8,766.86,2265.31,1.0
17-10-28_00:40:56,23.0,0.0,3.3,73.3,2.8,766.86,2265.31,1.0
17-10-28_00:40:56,23.0,0.0,3.3,73.3,2.8,766.86,2265.31,1.0
17-10-28_00:40:56,23.0,0.0,3.3,73.3,2.8,766.86,2265.31,1.0
17-10-28_00:40:56,23.0,0.0,3.3,73.3,2.8,766.86,2265.31,1.0
17-10-28_00:40:56,23.0,0.0,3.3,73.3,2.8,766.86,2265.31,1.0
17-10-28_00:40:56,23.0,0.0,3.3,73.3,2.8,766.86,2265.31,1.0
17-10-28_00:40:56,23.0,0.0,3.3,73.3,2.8,766.86,2265.31,1.0
17-10-28_00:40:56,23.0,0.0,3.3,73.3,2.8,766.86,2265.31,1.0
17-10-28_00:40:56,23.0,0.0,3.3,73.3,2.8,766.86,2265.31,1.0
17-10-28_00:40:56,23.0,0.0,3.3,73.3,2.8,766.86,2265.31,1.0
17-10-28_00:40:56,23.0,0.0,3.3,73.3,2.8,766.86,2265.31,1.0
17-10-28_00:40:56,23.0,0.0,3.3,73.3,2.8,766.86,2265.31,1.0
17-10-28_00:40:56,23.0,0.0,3.3,73.3,2.8,766.86,2265.31,1.0
17-10-28_00:40:56,23.0,0.0,3.3,73.3,2.8,766.86,2265.31,1.0
17-10-28_00:40:56,23.0,0.0,3.3,73.3,2.8,766.86,2265.31,1.0
17-10-28_00:40:56,23.0,0.0,3.3,73.3,2.8,766.86,2265.31,1.0
17-10-28_00:40:56,23.0,0.0,3.3,73.3,2.8,766.86,2265.31,1.0
17-10-28_00:40:56,23.0,0.0,3.3,73.3,2.8,766.86,2265.31,1.0
17-10-28_00:40:56,23.0,0.0,3.3,73.3,2.8,766.86,2265.31,1.0
17-10-28_00:40:56,23.0,0.0,3.3,73.3,2.8,766.86,2265.31,1.0
17-10-28_00:40:56,23.0,0.0,3.3,73.3,2.8,766.86,2265.31,1.0
17-10-28_00:40:56,23.0,0.0,3.3,73.3,2.8,766.86,2265.31,1.0
17-10-28_00:40:56,23.0,0.0,3.3,73.3,2.8,766.86,2265.31,1.0
17-10-28_00:40:56,23.0,0.0,3.3,73.3,2.8,766.86,2265.31,1.0
17-10-28_00:40:56,23.0,0.0,3.3,73.3,2.8,766.86,2265.31,1.0
17-10-28_00:40:56,23.0,0.0,4000.0,73.3,2.8,766.86,2265.31,1.0
17-10-28_00:40:56,23.0,0.0,4000.0,73.3,2.8,766.86,2265.31,1.0
17-10-28_00:40:56,23.0,0.0,4000.0,73.3,2.8,766.86,2265.31,1.0
17-10-28_00:40:56,23.0,0.0,4000.0,73.3,2.8,766.86,2265.31,1.0
17-10-28_00:40:56,23.0,0.0,4000.0,73.3,2.8,766.86,2265.31,1.0
17-10-28_00:40:56,23.0,0.0,4000.0,73.3,2.8,766.86,2265.31,1.0
17-10-28_00:40:56,23.0,0.0,4000.0,73.3,2.8,766.86,2265.31,1.0
17-10-28_00:40:56,23.0,0.0,4000.0,73.3,2.8,766.86,2265.31,1.0
17-10-28_00:40:56,23.0,0.0,4000.0,73.3,2.8,766.86,2265.31,1.0
17-10-28_00:40:56,23.0,0.0,4000.0,73.3,2.8,766.86,2265.31,1.0
17-10-28_00:40:56,23.0,0.0,4000.0,73.3,2.8,766.86,2265.31,1.0
17-10-28_00:40:56,23.0,0.0,4000.0,73.3,2.8,766.86,2265.31,1.0
17-10-28_00:40:56,23.0,0.0,4000.0,73.3,2.8,766.86,2265.31,1.0
17-10-28_00:40:56,23.0,0.0,4000.0,73.3,2.8,766.86,2265.31,1.0
17-10-28_00:40:56,23.0,0.0,4000.0,73.3,2.8,766.86,2265.31,1.0
17-10-28_00:40:56,23.0,0.0,4000.0,73.3,2.8,766.86,2265.31,1.0
17-10-28_00:40:56,23.0,0.0,1355.9,73.3,2.8,766.86,2265.31,1.0
17-10-28_00:40:56,23.0,0.0,1355.9,73.3,2.8,766.86,2265.31,1.0
17-10-28_00:40:56,23.0,0.0,1355.9,73.3,2.8,766.86,2265.31,1.0
17-10-28_00:40:56,23.0,0.0,1355.9,73.3,2.8,766.86,2265.31,1.0
17-10-28_00:40:56,23.0,0.0,1355.9,73.3,2.8,766.86,2265.31,1.0
17-10-28_00:40:56,23.0,0.0,1355.9,73.3,2.8,766.86,2265.31,1.0
17-10-28_00:40:56,23.0,0.0,1355.9,73.3,2.8,766.86,2265.31,1.0
17-10-28_00:40:56,23.0,0.0,1355.9,73.3,2.8,766.86,2265.31,1.0
17-10-28_00:40:56,23.0,0.0,1355.9,73.3,2.8,766.86,2265.31,1.0
17-10-28_00:40:56,23.0,0.0,1355.9,73.3,2.8,766.86,2265.31,1.0
17-10-28_00:40:56,23.0,0.0,1355.9,73.3,2.8,766.86,2265.31,1.0
17-10-28_00:40:56,23.0,0.0,1355.9,73.3,2.8,766.86,2265.31,1.0
17-10-28_00:40:56,23.0,0.0,1355.9,73.3,2.8,766.86,2265.31,1.0
17-10-28_00:40:56,23.0,0.0,1355.9,73.3,2.8,766.86,2265.31,1.0
17-10-28_00:40:56,23.0,0.0,1355.9,73.3,2.8,766.86,2265.31,1.0
17-10-28_00:40:56,23.0,0.0,1355.9,73.3,2.8,766.86,2265.31,1.0
17-10-28_00:40:56,23.0,0.0,4.0,73.3,2.8,766.86,2265.31,1.0
17-10-28_00:40:56,23.0,0.0,4.0,73.3,2.8,766.86,2265.31,1.0
17-10-28_00:40:56,23.0,0.0,4.0,73.3,2.8,766.86,2265.31,1.0
17-10-28_00:40:56,23.0,0.0,4.0,73.3,2.8,766.86,2265.31,1.0
17-10-28_00:40:56,23.0,0.0,4.0,73.3,2.8,766.86,2265.31,1.0
17-10-28_00:40:56,23.0,0.0,4.0,73.3,2.8,766.86,2265.31,1.0
17-10-28_00:40:56,23.0,0.0,4.0,73.3,2.8,766.86,2265.31,1.0
17-10-28_00:40:56,23.0,0.0,4.0,73.3,2.8,766.86,2265.31,1.0
17-10-28_00:40:56,23.0,0.0,4.0,73.3,2.8,766.86,2265.31,1.0
17-10-28_00:40:56,23.0,0.0,4.0,73.3,2.8,766.86,2265.31,1.0
17-10-28_00:40:56,23.0,0.0,4.0,73.3,2.8,766.86,2265.31,1.0
17-10-28_00:40:56,23.0,0.0,4.0,73.3,2.8,766.86,2265.31,1.0
17-10-28_00:40:56,23.0,0.0,4.0,73.3,2.8,766.86,2265.31,1.0
17-10-28_00:40:56,23.0,0.0,4.0,73.3,2.8,766.86,2265.31,1.0
17-10-28_00:40:56,23.0,0.0,4.0,73.3,2.8,766.86,2265.31,1.0
17-10-28_00:40:56,23.0,0.0,4.0,73.3,2.8,766.86,2265.31,1.0
